3	2	2	57	3	1	0	1	1	1	0	1	0	1	1	-999	2	2	0	0	1	0	3	4	4	4	5	1	3	4	2	2	3	4	5	3	4	3	4	5	3	5	1	4	3	2	2	4	4	5	3	4	3	5	4	4	4	4	3	5	4	3	4	4	4	3	2	5	1	4	5	5	2	3	4	1	3	5	5	5	5	5
4	2	2	35	2	2	0	1	0	0	0	0	0	0	0	2	2	2	1	1	1	1	2	5	3	2	3	2	2	4	2	2	4	4	4	3	4	2	4	3	2	3	2	2	3	2	2	3	3	4	3	4	4	5	4	5	3	4	2	4	2	2	4	3	4	3	4	3	3	3	4	3	3	2	3	2	2	4	4	4	3	3
5	1	2	60	3	1	0	1	1	1	0	0	0	1	0	1	2	4	1	0	0	0	5	4	4	4	5	2	1	1	4	1	4	4	5	4	4	1	3	2	2	3	4	3	3	2	4	2	2	2	2	2	4	4	5	5	5	2	1	1	1	1	5	5	5	5	5	2	2	2	2	2	4	3	3	2	2	2	2	2	2	2
7	1	2	16	1	2	1	0	1	0	0	1	0	0	1	1	3	2	0	0	1	0	4	2	4	3	3	2	2	2	3	3	4	4	3	3	4	2	4	2	3	2	4	4	4	3	3	2	3	3	3	2	4	4	3	3	3	2	3	2	3	2	4	4	3	3	2	4	4	3	3	3	2	3	3	3	4	2	2	3	3	4
12	1	2	27	2	2	0	0	1	1	0	0	0	1	0	4	2	2	0	1	1	0	4	5	3	4	4	1	2	1	1	1	4	5	5	3	4	3	4	3	4	4	1	2	1	1	1	4	5	5	3	4	4	5	5	4	3	2	1	1	1	1	3	4	4	2	4	2	3	3	3	3	2	1	1	1	1	3	4	4	3	4
14	3	2	31	2	2	0	0	1	0	0	1	1	0	1	-999	3	3	1	1	1	1	4	5	4	3	4	3	3	2	3	1	1	5	5	2	1	3	5	5	3	5	3	3	1	3	1	4	5	5	5	5	1	5	2	1	2	3	5	1	1	1	1	1	2	1	1	5	5	5	3	5	1	1	1	1	1	3	4	3	5	5
18	3	2	44	2	2	0	0	1	1	0	1	1	1	1	3	2	1	1	0	1	0	5	5	5	5	5	2	1	3	5	1	5	5	5	5	5	1	1	1	1	1	4	5	3	1	5	1	1	1	1	1	5	5	4	5	5	2	4	3	3	3	5	5	5	5	5	1	1	1	3	2	3	2	3	3	3	3	3	3	3	3
19	1	2	47	3	2	0	0	0	0	0	0	0	0	0	3	3	2	1	0	0	0	2	3	3	3	3	3	3	3	3	3	1	1	2	2	1	3	3	3	3	3	2	3	3	3	3	1	1	2	1	2	1	2	3	3	2	3	2	1	3	2	1	1	1	3	3	2	2	3	3	2	3	2	1	3	2	1	1	1	3	3
20	1	2	47	3	2	0	0	1	1	0	0	0	1	0	4	3	3	0	0	1	1	1	5	1	1	3	2	5	1	3	5	1	3	1	1	3	3	3	3	3	3	2	3	3	3	3	3	3	3	3	4	1	3	3	3	2	2	5	4	3	3	4	1	1	2	3	4	3	3	3	3	2	3	3	3	3	3	3	3	3	3
23	1	2	27	2	1	0	0	0	0	0	0	0	0	0	3	3	2	1	1	1	1	4	5	4	4	4	1	1	2	1	1	4	4	5	3	4	3	2	3	3	4	3	2	3	1	1	3	4	5	3	3	4	5	3	4	4	2	2	2	2	2	4	3	4	2	3	3	3	3	3	4	3	3	1	3	2	4	4	4	2	3
24	1	2	28	2	1	0	0	1	1	0	0	0	1	0	4	1	3	0	0	1	0	5	4	4	3	3	4	3	3	2	2	4	4	2	4	5	3	2	3	3	3	2	3	4	4	3	2	2	3	3	3	5	4	5	4	4	4	2	3	3	2	4	5	4	4	5	2	2	2	3	3	2	4	4	5	4	2	2	3	3	1
25	1	2	29	2	1	0	0	1	1	0	0	0	1	0	4	3	3	0	0	1	0	5	5	5	5	5	2	2	3	1	2	5	5	5	4	5	3	2	1	1	2	5	4	3	5	4	1	1	1	2	1	5	5	5	5	4	1	1	3	1	2	5	5	5	4	4	1	1	1	1	2	5	5	3	5	4	1	1	1	2	2
26	1	2	33	2	1	0	0	1	1	0	1	0	1	1	-999	3	2	0	0	1	1	4	4	4	1	4	4	1	1	1	1	4	4	4	4	5	1	1	1	1	1	1	5	1	4	5	1	1	1	1	1	5	5	3	4	4	5	1	1	1	1	4	4	4	3	4	1	1	1	1	1	1	3	3	4	4	1	1	1	3	1
30	1	2	58	3	1	0	0	1	1	0	0	0	1	0	4	3	2	0	0	1	0	5	5	3	3	1	1	1	1	1	1	5	4	5	4	4	1	1	2	2	1	4	5	2	1	1	1	2	2	3	2	3	4	3	3	3	3	4	4	2	2	4	2	4	2	2	3	2	3	3	3	3	2	2	2	2	4	4	4	2	4
31	1	2	59	3	1	0	0	1	1	0	0	0	1	0	-999	3	2	1	1	1	0	3	4	3	4	4	1	1	3	2	2	4	4	4	4	5	2	3	3	3	3	2	4	3	2	3	2	2	3	3	1	4	4	4	3	3	3	3	3	2	2	4	3	4	3	4	2	2	3	3	4	3	2	3	2	3	2	3	2	3	2
32	1	2	57	3	2	0	0	1	1	0	0	0	1	0	4	2	2	0	0	1	1	3	2	3	3	4	2	1	1	1	1	4	3	5	3	3	3	2	3	3	4	2	1	1	1	1	3	4	5	3	5	1	4	3	4	3	1	1	1	1	1	3	3	4	3	4	3	3	3	3	3	1	1	1	1	1	4	4	4	3	4
33	3	2	24	1	1	0	0	1	0	0	0	1	0	1	3	3	4	1	1	1	1	3	5	3	3	4	5	2	4	4	3	1	4	4	2	1	5	5	3	3	4	1	2	2	2	3	5	5	5	4	5	1	5	3	3	3	1	5	5	4	5	1	1	1	2	1	5	5	3	3	3	4	2	2	2	2	3	3	5	4	5
35	1	2	51	3	2	1	0	0	0	0	0	0	0	0	4	3	2	0	1	0	0	4	4	4	4	4	3	4	2	2	2	2	4	4	2	2	4	2	2	2	2	2	2	2	2	2	4	2	2	2	2	2	2	4	2	2	4	4	2	4	4	2	2	2	2	2	4	2	4	4	2	4	2	4	2	2	2	4	2	4	2
37	1	2	50	3	1	0	0	0	0	0	0	0	0	0	2	3	2	1	1	1	0	4	4	5	4	4	3	2	2	2	1	4	4	4	3	4	2	2	2	2	2	4	4	3	3	1	2	2	2	3	3	5	5	4	4	3	2	2	2	2	2	5	5	5	3	4	5	4	3	3	3	3	3	2	3	3	4	3	3	3	3
39	2	2	45	3	2	0	0	1	1	0	1	0	1	1	-999	1	2	1	0	1	0	3	5	3	3	4	4	1	4	4	2	4	2	2	3	4	3	5	3	3	4	4	1	4	4	2	4	2	2	3	4	4	5	3	4	4	5	1	5	4	2	4	3	4	3	4	4	5	3	3	4	5	2	3	2	2	4	3	4	3	4
40	1	2	20	1	1	0	0	1	1	0	0	0	1	0	1	2	1	0	0	1	1	4	4	3	3	4	1	2	2	1	1	4	5	5	5	5	2	3	3	3	3	4	4	2	3	1	3	3	2	3	2	4	4	4	4	4	1	2	2	2	2	4	5	5	5	5	2	3	2	3	3	2	2	2	2	2	3	2	2	3	2
42	2	2	25	2	1	0	0	1	0	0	1	0	0	1	2	2	2	1	1	1	0	4	5	3	2	3	4	5	5	4	4	3	2	3	2	2	5	3	4	5	3	5	1	2	2	2	4	5	4	4	4	2	5	3	3	2	4	4	4	4	5	3	2	3	2	3	4	2	3	4	4	2	2	2	2	2	4	5	5	5	5
44	1	2	54	3	2	0	1	0	0	0	0	0	0	0	4	3	4	1	0	1	0	5	4	4	4	4	2	1	2	2	2	4	5	5	5	5	2	2	1	2	1	2	4	3	1	1	2	1	1	1	2	5	5	5	5	4	5	2	2	2	2	5	5	4	5	5	2	2	1	2	1	2	4	5	1	1	1	2	2	1	2
46	3	2	21	1	2	0	0	1	0	0	1	1	0	1	2	3	2	1	0	0	0	4	4	3	3	4	2	3	2	1	3	5	3	3	4	4	2	4	3	3	3	4	4	3	4	3	2	3	3	2	3	3	5	2	2	3	5	3	4	4	4	2	1	2	3	4	3	4	3	3	4	2	2	2	3	3	4	3	3	3	3
48	3	2	32	2	2	0	0	1	0	0	0	1	0	1	-999	2	2	1	0	1	0	4	4	4	4	4	3	3	4	3	3	4	4	4	3	3	4	4	3	4	3	4	3	3	4	3	3	4	3	3	3	4	4	4	4	3	3	3	3	3	3	3	4	4	4	3	3	4	3	3	2	3	3	4	3	3	3	3	3	4	2
52	2	2	26	2	1	0	0	1	0	0	1	0	0	1	3	2	2	1	0	1	1	2	5	3	2	3	4	2	4	2	4	2	3	4	2	2	2	4	3	2	4	3	2	2	2	2	4	4	4	4	4	2	5	2	2	2	4	2	4	4	2	2	2	4	2	2	3	4	2	2	4	3	2	2	2	2	4	4	4	2	4
54	2	2	29	2	1	0	0	1	0	0	1	0	0	1	3	3	1	1	0	1	0	5	5	4	4	4	1	2	4	1	1	4	3	4	3	3	2	5	3	2	2	4	4	2	4	4	3	3	3	3	3	4	5	3	4	4	3	2	3	3	2	4	3	3	3	3	2	2	2	2	3	2	3	2	3	2	2	2	2	3	3
56	1	2	31	2	1	0	0	0	0	0	0	0	0	0	3	3	3	1	0	1	0	4	4	4	4	3	1	2	2	2	3	4	4	4	4	4	3	3	3	2	2	4	4	4	4	4	4	4	4	3	2	4	4	4	4	4	2	2	3	2	2	4	3	4	4	3	3	3	3	3	3	4	3	4	4	4	3	4	4	3	3
57	2	2	31	2	1	0	0	1	0	0	1	0	0	1	4	2	3	1	0	0	0	4	4	4	4	4	2	2	2	2	2	3	3	4	3	3	4	3	4	4	4	2	2	2	2	2	4	4	4	4	4	4	4	4	4	4	2	2	2	2	2	4	2	2	4	4	4	4	4	4	4	2	2	2	2	2	4	4	4	4	4
59	3	2	33	2	1	0	0	1	0	0	0	1	0	1	-999	3	3	1	0	0	1	1	4	2	2	4	4	4	3	3	2	2	2	2	3	2	4	2	4	4	2	2	2	3	3	2	4	4	4	3	4	2	4	2	2	2	4	4	4	4	4	2	2	2	3	2	4	2	3	4	4	2	2	2	2	2	4	4	4	3	4
60	3	2	34	2	1	0	0	1	0	0	0	1	0	1	-999	3	2	1	0	1	0	3	4	3	3	3	3	3	2	2	2	3	3	3	3	3	3	3	3	3	3	3	3	2	2	2	3	3	3	3	3	4	4	4	4	3	2	2	2	2	2	3	3	3	3	3	3	3	3	3	3	2	2	2	2	2	3	3	3	3	3
61	3	2	45	3	1	0	0	1	0	0	0	1	0	1	-999	2	1	1	0	0	0	3	5	5	5	5	2	1	1	1	1	4	4	4	4	4	3	4	2	1	1	2	1	1	1	1	1	2	4	5	4	5	4	1	3	3	1	1	3	3	3	4	3	3	4	4	4	2	3	4	5	1	2	2	4	5	3	3	3	3	4
65	1	2	29	2	2	0	1	0	0	0	0	0	0	0	1	3	4	0	0	1	0	5	5	5	5	4	1	2	3	2	2	5	5	5	3	5	1	1	1	1	2	3	3	4	3	4	1	1	1	3	1	5	5	5	5	5	1	1	1	1	1	5	5	5	3	5	1	1	1	3	1	5	5	5	5	5	2	1	1	3	1
67	1	2	45	3	2	0	1	0	0	0	0	0	0	0	-999	3	3	1	0	1	1	4	5	3	5	5	2	2	3	3	3	5	4	5	3	5	1	2	3	1	3	5	5	3	3	3	3	4	3	3	3	5	5	5	5	4	1	1	3	3	3	5	5	5	5	5	3	3	3	3	3	3	3	3	3	3	3	3	3	3	3
68	3	2	52	3	2	0	1	1	1	1	1	1	1	1	-999	3	2	1	0	0	0	4	4	3	2	2	2	2	3	2	2	2	4	4	2	4	4	4	3	2	2	2	2	3	2	2	4	4	4	2	4	3	4	2	2	4	2	2	3	3	2	4	3	4	3	3	3	4	2	2	4	2	2	3	3	2	4	3	4	3	3
69	3	2	41	2	1	0	1	1	0	0	0	1	0	1	-999	1	2	1	0	1	0	5	5	4	5	4	1	1	1	1	1	4	5	5	3	5	5	5	3	3	4	1	1	1	1	1	4	5	5	3	5	5	5	4	4	4	1	1	1	1	1	4	4	5	4	5	5	5	4	4	5	1	1	1	1	1	4	5	5	5	5
70	1	2	18	1	2	0	0	0	0	0	0	0	0	0	-999	3	1	1	0	0	0	4	2	4	3	4	2	3	2	2	2	4	4	5	4	4	3	2	3	3	4	4	3	2	2	4	2	3	4	3	2	3	4	4	4	4	2	3	2	2	2	4	4	4	3	4	3	4	2	3	2	2	3	2	2	2	2	4	2	3	4
72	3	2	21	1	2	0	0	1	1	0	0	1	1	1	-999	3	1	1	0	0	1	4	4	4	3	3	2	2	3	3	2	4	2	3	3	2	2	3	3	3	3	3	3	4	5	4	3	4	4	3	4	2	5	3	3	2	5	3	5	4	4	3	2	2	3	2	5	3	3	3	4	2	3	2	3	3	4	4	4	4	4
73	2	2	24	1	2	0	0	1	0	0	1	1	0	1	3	2	2	1	1	0	0	5	4	3	3	4	3	2	4	1	1	4	1	1	3	3	4	3	4	3	3	3	4	3	1	2	4	5	4	5	5	5	3	4	5	4	1	1	1	2	2	1	1	1	1	1	2	3	4	4	4	1	2	2	1	1	5	5	5	5	5
74	2	2	25	2	2	0	0	1	1	0	1	0	1	1	3	1	3	0	0	1	1	4	5	4	3	3	3	2	3	1	1	4	4	4	3	4	1	4	2	1	2	1	2	1	1	1	2	4	4	3	2	1	5	2	2	1	5	5	5	5	3	1	1	3	3	2	4	3	4	4	4	1	1	1	2	3	4	4	4	3	5
76	3	2	31	2	2	0	0	1	0	0	0	1	0	1	2	2	2	1	0	1	0	3	4	2	2	2	2	2	2	2	2	4	4	4	4	4	3	2	2	2	2	2	2	2	2	2	4	4	4	4	4	3	4	2	2	2	4	2	2	2	2	4	4	4	4	4	3	2	2	2	2	2	2	2	2	2	4	4	4	4	4
77	1	2	34	2	2	0	0	0	0	0	0	0	0	0	2	3	2	1	0	1	0	4	4	1	1	2	2	1	1	2	2	3	4	4	4	4	3	4	1	2	2	3	2	2	2	2	3	4	4	3	3	3	4	4	4	2	4	2	2	2	2	3	4	4	4	4	2	2	2	2	2	3	2	2	2	2	2	4	4	4	5
80	1	2	23	1	1	0	0	1	1	0	0	0	1	0	1	1	2	1	1	0	0	5	4	4	4	3	5	1	1	1	4	5	4	4	3	4	2	2	1	2	2	2	3	3	4	2	1	3	2	3	2	4	3	4	3	4	1	2	2	2	4	4	4	4	3	4	2	3	2	3	1	2	4	4	4	1	2	2	2	3	2
81	2	2	23	1	1	0	0	1	1	0	1	0	1	1	2	2	1	1	1	1	1	3	4	3	3	2	2	2	2	2	2	3	4	4	2	2	3	2	3	3	3	2	2	2	2	2	3	4	4	2	4	3	4	2	2	3	3	2	2	3	3	4	3	3	3	3	3	2	2	2	3	2	2	2	2	3	3	4	4	3	4
82	3	2	24	1	1	0	0	1	0	0	0	1	0	1	-999	2	2	1	1	0	0	5	5	3	3	4	1	1	4	3	4	1	1	3	3	4	3	3	3	3	4	3	3	1	3	3	5	5	3	3	3	1	5	1	1	1	5	4	5	5	5	1	1	1	1	1	5	2	5	5	5	1	1	1	1	1	5	5	5	5	5
83	2	2	19	1	2	1	0	1	0	0	1	0	0	1	2	3	2	1	1	1	1	4	5	3	4	4	2	2	3	2	2	3	4	4	4	4	3	3	3	4	4	4	2	4	2	2	2	3	4	4	4	4	5	4	3	2	5	3	5	4	4	4	3	4	3	4	4	2	3	3	4	2	2	3	3	2	3	3	4	4	4
84	1	2	21	1	2	1	0	1	1	0	1	0	1	1	1	3	2	0	0	1	1	5	4	3	3	5	1	2	2	2	2	4	3	3	3	5	3	2	3	3	3	3	3	2	2	3	3	3	3	3	2	4	4	4	4	4	2	2	2	2	2	4	4	4	3	5	3	3	3	3	3	3	3	3	3	3	3	3	3	3	3
86	3	2	25	2	2	1	0	1	0	0	1	1	0	1	1	3	4	1	1	1	1	5	5	3	1	4	1	1	2	1	1	5	3	3	3	3	1	1	1	1	1	5	5	3	1	1	1	3	3	3	3	3	4	2	2	3	3	3	2	2	3	3	3	3	3	3	3	4	2	2	3	3	3	2	2	3	3	3	3	3	3
88	1	2	19	1	1	1	0	1	1	0	0	0	1	0	1	3	3	1	1	1	0	5	5	5	5	5	1	1	5	1	1	5	5	5	5	5	1	1	1	1	1	5	5	1	5	5	1	1	1	1	1	5	5	5	5	5	1	1	1	1	1	5	5	5	4	5	1	1	1	1	1	5	5	5	5	5	1	1	1	1	1
90	1	2	20	1	1	1	0	0	0	0	0	0	0	0	1	2	3	1	1	1	0	2	3	3	3	3	3	2	2	2	2	4	4	4	3	4	3	2	3	3	3	3	2	3	2	2	3	4	4	3	3	3	2	2	2	2	2	2	2	2	2	3	4	4	4	4	3	2	2	2	2	2	2	3	3	2	3	4	3	4	3
91	1	2	20	1	1	1	0	0	0	0	0	0	0	0	1	2	2	0	0	1	0	5	2	3	1	3	4	3	1	1	1	4	4	4	3	4	2	2	3	1	2	3	3	3	1	4	2	2	2	3	1	1	4	3	3	4	1	3	4	1	2	4	3	4	1	4	1	1	3	3	3	4	3	2	4	4	3	4	2	1	2
96	2	2	71	4	2	0	1	1	1	1	1	0	1	1	5	3	1	1	0	0	0	3	3	3	3	4	3	3	3	3	3	3	3	3	3	4	3	3	3	3	5	3	3	3	3	3	3	3	3	3	4	5	5	3	2	5	2	3	3	2	2	2	2	3	3	3	5	4	3	2	5	2	3	3	2	2	3	3	3	3	3
98	3	2	33	2	2	-999	-999	1	0	0	0	1	0	1	-999	2	2	1	0	1	0	4	4	4	4	4	2	2	2	2	2	4	4	4	2	4	3	3	3	3	3	2	2	2	2	2	3	3	4	2	4	2	2	2	2	2	4	4	4	4	4	2	2	2	2	2	3	3	3	3	3	3	3	3	3	3	3	4	4	2	4
100	2	2	53	3	2	-999	-999	1	0	0	1	0	0	1	-999	2	4	1	0	0	0	3	3	3	3	3	1	1	1	1	1	1	1	1	1	2	3	3	3	3	3	1	1	1	1	1	1	1	1	1	1	3	3	3	3	3	1	3	1	1	1	3	3	3	3	4	3	3	3	3	3	1	3	1	1	1	3	3	3	3	4
101	3	2	56	3	2	-999	-999	1	0	0	1	1	0	1	2	2	2	1	1	1	1	3	5	3	3	3	1	1	3	3	3	3	3	3	3	3	3	5	3	3	3	1	1	3	3	3	3	3	3	3	3	3	5	3	3	3	1	3	3	3	3	3	3	3	3	3	3	5	3	3	3	1	3	3	3	3	3	3	3	3	3
104	3	2	49	3	1	-999	-999	1	0	0	0	1	0	1	-999	3	4	1	1	1	0	3	5	3	2	2	5	3	5	5	5	2	2	2	2	2	3	3	3	3	3	2	3	3	3	3	5	5	5	5	5	2	5	3	3	1	5	3	5	5	5	3	1	1	3	3	3	3	3	3	5	3	3	3	1	1	3	4	5	3	3
105	2	2	21	1	2	0	0	1	0	0	1	0	0	1	3	3	2	0	0	1	1	3	4	3	3	4	3	1	3	1	1	4	4	4	3	4	3	3	3	3	4	3	1	3	1	1	4	4	4	3	4	3	3	3	3	4	3	1	1	1	1	1	4	4	4	4	3	3	3	3	4	3	1	1	1	1	1	4	4	4	4
106	2	2	24	1	2	0	0	1	0	0	1	0	0	1	2	3	2	1	1	1	1	5	3	4	3	5	1	2	2	1	1	3	4	4	1	4	2	3	2	1	5	3	2	2	1	1	3	4	4	1	2	5	4	4	4	4	1	1	1	1	1	4	4	4	1	4	2	2	2	2	3	1	1	1	1	1	3	4	4	1	2
107	3	2	25	2	2	0	0	1	0	0	0	1	0	1	-999	3	2	1	0	1	0	5	5	4	4	5	5	2	2	2	2	2	3	5	4	2	3	3	2	1	2	3	2	1	1	1	3	5	2	1	4	4	5	3	3	4	2	2	2	2	3	3	4	4	4	3	2	3	3	2	2	1	1	2	2	1	2	2	3	3	4
108	1	2	27	2	2	0	0	1	1	0	0	0	1	0	5	3	2	0	0	1	1	5	4	4	5	4	1	1	1	1	1	4	4	5	4	5	3	2	3	4	3	1	2	2	1	1	2	2	2	2	2	5	5	5	5	5	1	1	1	1	1	5	5	5	5	5	2	2	2	2	2	1	1	1	1	1	2	2	2	2	1
109	3	2	27	2	2	0	0	1	0	0	0	1	0	1	4	3	2	1	1	1	1	5	4	5	4	4	1	1	3	1	2	5	3	5	3	3	2	1	1	2	5	5	5	3	4	5	1	3	3	3	3	4	5	4	3	2	3	3	4	4	4	2	3	3	4	3	2	1	3	3	5	3	3	3	2	3	4	4	3	4	3
110	2	2	28	2	2	0	0	1	1	0	1	0	1	1	5	2	2	1	1	0	0	4	4	3	3	3	3	1	3	2	1	3	3	3	3	4	3	2	3	3	3	3	1	3	2	1	3	3	3	3	3	2	5	3	3	3	4	3	4	4	4	2	3	3	3	2	3	3	3	3	3	3	3	2	2	2	4	4	4	3	4
111	3	2	29	2	2	0	0	1	0	0	0	1	0	1	-999	3	2	1	1	1	1	5	5	4	3	4	4	1	4	4	2	3	4	5	4	4	3	3	3	3	2	3	1	2	1	1	3	5	5	5	5	4	4	3	4	5	4	3	4	5	5	1	2	4	4	4	5	5	5	5	4	5	5	5	1	4	5	5	5	5	5
115	2	2	35	2	2	0	0	1	1	0	0	0	1	0	3	2	2	0	0	1	0	5	4	3	3	3	3	2	2	2	1	4	3	3	1	3	3	2	2	2	4	3	2	1	2	1	3	3	2	1	3	2	5	2	2	2	4	2	3	3	2	2	2	3	2	2	4	2	3	3	4	2	2	1	1	1	3	4	5	4	4
116	2	2	35	2	2	0	0	1	1	0	1	0	1	1	-999	3	2	1	1	1	0	5	2	3	4	2	5	1	4	2	4	2	2	4	4	1	3	5	3	3	5	1	3	2	1	1	5	5	5	3	5	1	5	3	3	4	5	4	4	5	5	2	1	1	1	1	3	3	3	3	4	1	3	1	1	2	5	5	5	3	5
117	3	2	37	2	2	0	0	1	1	0	1	1	1	1	-999	3	1	1	0	1	0	5	4	5	5	4	1	1	1	1	1	4	4	5	4	5	1	1	1	1	2	5	4	4	4	4	2	2	1	2	1	4	4	5	4	4	1	1	1	2	2	4	5	5	4	5	2	2	2	2	2	5	5	4	4	4	2	2	1	2	1
119	3	2	39	2	2	0	0	1	0	0	0	1	0	1	2	3	4	0	1	1	0	5	5	2	1	5	2	2	2	1	1	5	5	5	4	5	1	2	2	5	1	2	2	4	5	1	1	1	1	1	3	5	5	5	5	5	2	3	3	3	3	4	4	4	4	4	2	5	3	4	4	3	3	3	3	3	4	4	4	4	4
121	1	2	41	2	2	0	0	1	1	0	1	1	1	1	-999	3	1	1	1	1	0	4	4	3	3	3	1	1	1	1	1	5	4	4	3	4	1	1	3	3	3	5	3	3	3	3	2	4	3	3	2	2	3	2	1	3	3	4	4	3	4	2	1	1	3	1	5	3	2	3	3	1	1	1	1	2	4	5	5	5	5
123	3	2	43	2	2	0	0	1	0	0	0	1	0	1	2	3	2	1	0	1	0	5	4	2	2	4	3	4	4	4	2	2	2	2	2	2	5	2	2	2	3	2	2	2	2	2	4	4	4	2	4	2	5	2	2	2	4	4	4	2	2	2	2	2	2	2	4	2	3	2	2	2	2	2	2	2	4	4	4	3	4
127	2	2	45	3	2	0	0	1	1	0	1	0	1	1	6	3	1	1	1	1	0	4	5	4	4	4	1	1	2	3	2	4	4	4	4	3	3	5	4	3	4	1	3	2	3	3	3	4	4	4	3	2	2	2	2	2	3	5	4	2	5	2	2	2	2	1	4	5	4	4	4	1	2	2	1	1	5	4	5	4	5
129	2	2	46	3	2	0	0	1	0	0	1	0	0	1	3	2	4	0	0	1	1	4	5	4	4	5	4	1	1	1	1	3	4	5	1	4	2	3	2	3	5	2	2	1	1	1	3	4	5	1	2	4	4	3	4	3	1	1	1	1	1	3	4	4	3	4	2	2	2	2	3	1	1	1	1	1	3	4	4	3	2
130	1	2	48	3	2	0	0	1	1	0	0	0	1	0	-999	3	2	1	0	0	0	5	5	5	5	4	1	1	1	1	1	5	5	5	3	5	1	3	1	1	4	1	4	1	1	3	3	1	2	3	1	5	5	3	4	5	1	1	1	1	1	5	5	5	3	5	1	3	3	2	2	1	3	1	1	1	3	2	3	3	1
131	2	2	50	3	2	0	0	0	0	0	0	0	0	0	-999	3	2	0	0	1	0	1	3	1	1	1	1	1	1	1	1	4	3	3	3	1	3	3	3	3	3	3	3	3	3	1	4	3	3	3	5	1	5	3	2	3	4	3	3	1	3	3	3	3	4	1	4	3	3	3	3	1	3	1	1	3	3	3	3	3	5
133	2	2	51	3	2	0	0	1	1	0	1	0	1	1	3	3	2	1	1	1	1	3	3	3	3	3	3	3	3	3	3	4	3	3	3	3	3	3	3	3	3	3	3	3	3	3	4	3	3	3	3	3	4	3	3	4	3	3	3	3	3	4	4	4	3	3	3	3	3	3	4	3	3	3	3	3	4	4	4	3	3
134	2	2	53	3	2	0	0	1	1	0	1	0	1	1	5	3	1	1	0	1	0	5	4	4	5	4	1	1	1	1	2	4	4	4	4	4	1	2	1	1	2	4	5	3	3	4	2	2	2	2	2	4	4	4	4	4	3	2	3	3	2	4	4	4	3	4	2	2	2	2	2	2	3	2	2	3	2	2	2	2	2
137	2	2	57	3	2	0	0	1	1	1	1	0	1	1	5	3	2	1	1	1	0	3	5	3	4	4	4	3	3	3	3	4	4	4	3	4	3	3	3	3	4	2	3	3	3	3	2	2	2	3	2	3	5	3	3	4	5	3	4	5	4	4	4	4	3	4	3	1	3	3	3	1	3	3	3	3	1	4	4	3	4
138	1	2	60	3	2	0	0	1	1	0	0	0	1	0	3	3	4	1	0	1	0	5	3	3	4	3	1	2	1	2	2	4	5	5	5	5	3	3	3	3	3	2	2	1	2	2	4	4	5	5	4	3	4	3	2	3	1	2	2	2	1	4	3	3	2	4	3	3	3	2	3	1	3	2	2	1	4	4	4	2	4
145	2	2	27	2	1	0	0	0	0	0	0	0	0	0	3	3	2	1	0	1	0	5	5	4	3	2	1	3	4	1	3	3	4	2	2	1	2	2	2	3	5	5	3	1	4	3	3	2	4	5	5	1	5	3	3	1	5	4	4	4	4	1	2	2	2	1	5	2	3	3	5	1	2	2	3	3	5	5	5	5	5
146	1	2	29	2	1	0	0	0	0	0	0	0	0	0	3	3	2	1	0	1	0	3	4	3	2	3	2	3	2	2	2	3	4	4	4	3	3	4	3	2	3	2	3	2	2	2	3	4	4	4	3	4	3	2	2	3	2	4	2	2	3	3	3	3	4	3	4	3	2	2	3	2	4	2	2	3	3	3	3	4	3
148	1	2	34	2	1	0	0	1	1	0	0	0	1	0	-999	3	2	1	0	1	0	4	4	3	3	4	3	2	2	3	2	4	4	4	4	4	2	2	3	3	3	3	4	3	3	3	2	2	2	2	2	3	3	3	3	3	3	4	3	3	3	2	2	2	2	2	2	3	3	3	3	3	3	3	3	3	4	4	4	3	3
149	3	2	35	2	1	0	0	1	1	0	1	1	1	1	4	2	2	1	1	1	1	2	5	3	2	2	4	3	5	5	5	2	1	2	1	1	3	3	3	4	5	2	2	1	3	1	5	5	5	5	5	2	5	1	1	2	5	4	5	5	5	1	1	1	1	1	5	3	5	5	5	1	2	2	2	3	5	5	5	5	5
153	3	2	43	2	1	0	0	1	0	0	0	1	0	1	3	3	4	1	0	0	0	3	4	3	5	5	1	1	4	1	1	4	4	4	4	4	4	3	3	5	5	1	1	1	1	1	1	1	4	3	4	2	4	3	3	4	4	3	5	4	3	3	2	2	3	2	4	4	3	3	4	2	3	4	3	3	3	4	4	3	4
157	3	2	55	3	1	0	0	1	0	0	1	1	0	1	-999	3	2	1	0	1	0	4	4	4	4	3	4	2	4	3	3	3	4	4	4	4	3	3	3	3	3	2	3	3	3	3	3	3	3	4	4	3	4	3	3	4	3	3	3	3	4	3	4	3	2	1	3	4	3	3	3	3	3	3	3	3	3	4	3	4	4
159	2	2	30	2	2	0	0	1	1	0	1	0	1	1	3	3	2	1	0	0	0	3	4	3	3	3	3	2	3	3	3	2	2	3	1	3	3	3	3	3	3	3	3	3	3	3	3	3	3	3	3	3	4	3	4	3	3	3	4	3	3	3	2	3	3	2	3	3	3	3	3	3	3	3	3	3	3	4	4	4	4
160	3	2	34	2	2	0	0	1	1	1	1	1	1	1	6	2	2	1	0	1	0	4	1	4	5	1	1	3	3	1	2	5	5	5	3	5	2	5	1	1	5	4	1	3	4	4	2	2	2	3	1	5	5	4	5	1	5	1	4	5	5	2	5	5	3	5	1	1	2	1	5	1	4	1	1	1	5	2	1	3	1
161	3	2	39	2	2	0	0	1	0	0	0	1	0	1	3	3	2	1	1	1	1	3	2	3	2	2	2	2	2	2	2	2	2	4	2	4	3	2	3	2	2	1	2	2	2	2	2	2	4	2	4	2	4	2	2	2	4	2	4	2	2	2	3	4	2	4	2	2	2	2	2	2	2	2	2	2	4	4	4	2	4
163	2	2	45	3	2	0	0	1	1	0	1	0	1	1	6	3	2	1	0	1	0	1	5	5	4	4	5	3	5	4	4	4	4	4	4	4	5	5	1	3	2	3	3	3	3	3	2	4	4	1	2	4	5	4	4	4	2	2	4	4	4	4	4	4	4	4	1	4	2	2	3	2	2	3	2	2	4	4	4	4	4
165	2	2	51	3	2	0	0	1	1	0	1	0	1	1	3	3	2	1	1	1	0	5	5	5	1	2	1	1	1	1	2	5	3	5	5	3	5	5	5	1	2	1	1	1	1	2	5	5	5	5	5	3	5	3	3	2	4	3	5	4	3	1	2	3	3	1	5	3	1	3	5	1	1	3	2	1	5	5	5	5	5
166	1	2	24	1	1	0	0	0	0	0	0	0	0	0	2	3	2	1	0	0	0	5	4	3	5	5	5	4	5	2	5	4	5	5	5	5	4	5	3	5	4	3	4	5	2	5	4	4	5	5	5	5	5	4	4	5	4	3	3	3	4	5	4	5	5	5	4	5	4	3	4	4	4	3	3	4	4	3	4	4	5
168	2	2	35	2	1	0	0	1	0	0	1	0	0	1	4	1	2	1	0	0	0	3	4	3	3	3	3	3	3	3	3	3	3	3	3	3	3	3	3	3	3	3	2	3	3	3	3	3	3	3	3	3	4	3	2	2	3	3	1	1	1	2	2	2	2	3	3	3	3	3	4	3	3	3	3	3	4	5	5	5	5
171	1	2	43	2	1	0	0	0	0	0	0	0	0	0	-999	3	4	1	1	1	0	4	4	3	4	4	2	2	2	2	2	4	4	4	3	4	3	2	2	3	3	4	3	4	3	4	2	2	2	3	2	4	4	4	4	4	2	2	2	2	2	4	4	4	3	4	2	2	3	2	2	4	3	4	4	3	2	3	2	3	3
172	3	2	32	2	2	0	0	1	1	0	1	1	1	1	6	2	2	1	0	0	0	5	5	5	5	4	1	4	1	1	4	1	1	2	3	1	3	4	3	1	1	4	4	2	4	3	3	3	4	5	4	1	1	1	1	1	5	5	5	5	5	1	1	1	1	1	5	5	5	4	5	1	1	1	1	1	5	5	5	5	4
174	2	2	49	3	1	0	0	1	1	0	1	0	1	1	6	3	2	1	0	1	0	5	4	4	3	5	2	2	3	2	2	3	2	4	4	4	5	4	3	3	5	1	2	3	2	1	3	4	4	4	4	2	3	3	3	3	4	2	3	3	3	3	3	3	3	4	4	3	4	4	3	2	1	2	1	3	4	4	4	3	4
175	2	2	49	3	2	0	0	1	1	0	1	0	1	1	-999	3	2	1	1	1	1	5	5	5	5	5	1	1	1	1	1	4	4	4	3	5	3	4	3	3	3	2	1	3	3	3	4	4	4	3	3	3	5	4	3	3	4	3	4	3	3	4	4	4	3	3	3	3	4	3	3	3	3	3	3	3	4	4	4	3	3
176	2	2	46	3	1	1	0	1	0	0	1	0	0	1	2	1	3	1	0	0	0	3	5	3	2	3	3	3	5	3	3	1	4	3	2	1	3	1	3	4	3	3	4	1	3	4	5	4	3	3	4	4	5	3	3	4	3	4	3	3	3	2	3	3	2	2	3	3	4	5	4	3	3	4	3	3	4	4	3	3	3
177	1	2	22	1	2	0	0	1	1	1	1	1	-999	-999	6	3	4	1	1	1	1	5	5	5	5	5	1	1	1	1	1	5	5	5	5	5	2	1	1	1	1	5	5	5	5	5	1	1	1	1	1	5	5	5	5	5	1	1	1	1	1	5	5	5	5	5	1	1	1	1	1	5	5	5	5	5	1	1	1	1	1
179	1	2	21	1	2	1	0	1	1	0	0	0	1	0	1	2	2	1	0	1	0	4	4	3	3	5	1	2	1	2	2	5	4	4	3	5	2	2	2	2	1	3	4	4	4	4	2	2	2	3	2	2	2	3	3	4	2	2	4	2	4	3	4	3	3	4	4	4	5	3	4	4	2	4	2	2	4	4	4	3	4
180	3	2	21	1	2	0	0	1	0	0	0	1	0	1	3	3	4	1	1	1	1	4	4	3	2	3	3	5	2	4	3	2	4	4	4	3	5	2	3	3	5	3	3	3	2	2	5	4	4	5	5	2	5	1	2	2	4	5	5	4	4	2	2	2	3	1	5	3	4	4	5	2	2	1	3	2	4	5	5	5	5
181	1	2	23	1	1	0	0	1	1	0	0	0	1	0	3	3	2	0	0	1	0	4	4	3	3	4	2	2	2	2	1	4	4	3	4	4	3	2	3	3	3	3	2	2	2	2	3	3	3	3	4	2	5	4	3	2	4	3	4	2	4	3	3	3	4	2	4	3	3	3	4	3	3	2	2	2	4	4	4	4	4
182	2	2	50	3	1	0	0	1	1	1	1	0	1	1	3	3	2	1	1	1	0	1	5	2	1	1	5	5	4	4	5	1	2	1	3	1	5	3	4	5	4	1	1	2	2	2	4	4	4	3	5	2	4	2	1	1	4	4	4	5	5	1	1	1	1	1	4	2	4	5	5	2	2	2	1	1	5	4	5	5	5
183	2	2	29	2	2	0	1	1	0	0	1	0	0	1	1	3	4	1	0	1	1	3	5	3	1	3	5	2	5	5	5	1	1	1	1	1	5	5	5	5	5	2	1	1	1	1	5	5	5	5	5	1	5	1	1	1	5	5	5	5	5	1	1	1	1	1	5	3	5	5	5	1	1	1	3	3	5	5	5	5	5
185	1	2	58	3	2	0	0	1	1	0	0	0	1	0	3	3	2	1	1	1	1	4	2	3	2	1	1	3	3	3	1	5	5	5	5	3	1	1	3	1	1	1	1	1	3	1	1	2	3	1	3	5	5	5	5	5	5	5	5	5	5	5	3	4	4	5	1	1	1	1	1	1	1	1	1	1	3	3	2	2	2
186	3	2	35	2	2	0	0	1	1	0	0	1	1	1	4	3	2	1	1	1	0	3	3	3	4	4	1	3	3	3	1	2	3	3	3	3	5	5	3	3	4	3	3	3	3	1	2	3	3	3	3	2	1	3	3	4	1	1	1	1	4	1	1	1	1	1	3	3	3	4	3	3	4	3	3	3	3	4	3	4	5
189	3	2	27	2	2	0	0	1	0	0	1	1	0	1	6	1	2	1	1	0	0	2	3	2	2	4	2	1	2	3	2	3	3	3	3	3	1	3	2	1	5	2	1	1	2	1	5	4	4	5	5	1	4	2	2	3	4	3	3	3	2	3	3	3	3	2	3	2	2	2	5	2	2	2	2	1	4	5	5	5	5
191	1	2	22	1	2	0	0	1	1	0	0	0	1	0	-999	1	4	0	0	1	1	4	4	4	5	4	2	2	2	2	2	4	4	4	3	4	3	4	3	3	3	3	4	2	3	4	2	3	3	3	2	3	4	2	3	3	3	3	3	2	2	3	2	3	3	3	4	4	3	3	3	3	3	4	1	2	3	4	4	4	5
193	1	2	34	2	1	0	0	0	0	0	0	0	0	0	-999	3	3	1	1	1	0	5	5	4	3	3	1	1	1	1	1	4	5	5	5	5	4	4	4	3	3	1	1	1	1	1	4	5	5	5	5	5	5	5	5	5	1	1	1	1	1	5	5	5	5	5	4	5	5	4	5	1	1	1	1	1	4	5	5	5	5
194	1	2	18	1	2	1	0	0	0	0	0	0	0	0	1	2	1	1	0	1	1	5	2	2	1	5	3	5	1	2	2	1	1	3	1	5	1	4	3	4	1	5	1	4	3	3	4	3	5	5	2	1	1	2	2	5	1	1	1	1	3	5	5	4	1	1	3	4	2	3	1	4	4	3	4	3	2	1	1	3	3
196	3	2	29	2	2	0	0	1	0	0	0	1	0	1	-999	3	4	1	0	1	0	5	5	4	5	5	5	1	5	3	3	1	3	3	3	4	3	5	4	5	5	5	1	5	3	3	1	3	3	3	4	5	5	5	5	5	4	1	4	5	4	3	5	5	5	5	3	3	3	3	2	1	5	2	3	2	3	5	5	3	5
199	2	2	44	2	2	0	0	1	0	1	1	0	1	1	3	1	2	1	0	1	0	3	4	3	3	4	2	3	4	3	2	4	2	3	3	2	5	4	4	3	4	4	3	3	2	3	4	4	4	2	4	1	4	2	3	2	5	5	5	5	3	1	1	1	2	1	5	4	5	3	4	1	1	1	1	3	5	5	5	4	5
203	3	2	23	1	2	0	0	1	0	0	0	1	0	1	6	2	1	1	0	0	0	5	3	5	4	5	1	1	2	2	1	5	5	5	5	5	1	4	1	3	1	5	5	5	5	5	3	3	2	3	1	3	4	3	3	3	3	2	5	5	5	3	3	3	4	4	3	2	4	3	5	3	2	4	4	3	3	3	3	3	4
205	3	2	23	1	1	0	0	1	0	0	0	1	0	1	2	3	2	1	0	1	0	4	4	3	3	3	2	2	4	4	4	3	2	2	2	2	4	5	3	3	3	2	2	2	3	3	3	3	3	2	4	2	4	1	1	2	4	4	5	4	5	2	1	1	3	1	4	2	3	4	4	2	1	2	1	1	4	4	4	3	4
206	2	2	39	2	1	0	0	1	1	0	1	1	1	1	5	1	2	0	0	1	0	5	5	3	4	5	2	1	4	4	3	4	4	4	3	5	2	5	3	2	5	5	1	2	2	3	2	4	4	3	2	1	5	2	2	5	5	5	5	4	4	2	2	2	1	1	5	5	3	3	5	1	1	2	2	2	4	5	5	3	5
207	3	2	24	1	2	0	0	1	1	0	0	1	1	1	3	3	1	0	1	0	1	5	5	3	3	4	3	3	3	3	3	4	3	4	3	4	4	5	3	3	3	3	3	3	3	3	3	3	4	3	4	4	4	3	3	4	3	3	3	3	3	4	3	3	4	4	4	4	3	3	4	3	3	3	3	3	4	3	3	4	4
208	2	2	35	2	1	0	0	1	0	0	1	0	0	1	3	3	2	1	1	1	1	5	4	3	3	5	4	3	4	1	1	5	5	5	3	4	5	4	3	3	5	1	3	1	1	1	5	5	5	3	4	3	5	2	3	3	4	4	4	3	3	3	4	4	3	4	3	3	4	3	3	2	3	3	3	3	3	4	4	3	4
211	1	2	18	1	1	1	0	0	0	0	0	0	0	0	1	2	1	1	0	0	0	2	3	1	1	2	1	1	1	1	1	4	4	3	1	4	2	3	1	1	1	1	2	1	2	1	1	2	2	1	2	2	3	2	1	3	1	1	1	2	1	2	2	2	1	2	1	2	1	1	1	1	1	1	1	1	3	3	3	3	3
212	1	2	30	2	2	0	0	1	1	0	0	0	1	0	4	1	2	1	0	0	0	5	5	3	3	5	1	1	1	1	1	4	4	5	4	5	5	4	3	3	5	1	1	1	1	1	2	4	2	2	2	4	4	4	4	4	1	1	1	1	1	5	4	4	4	5	2	4	3	3	4	1	1	1	1	1	3	3	3	3	2
215	1	2	22	1	1	0	0	0	0	0	0	0	0	0	2	2	2	0	1	0	0	5	1	5	5	5	1	1	1	1	1	5	5	5	5	5	5	5	5	1	5	5	1	5	5	5	1	1	1	1	1	5	5	5	4	4	1	1	1	4	4	4	3	3	5	4	1	5	1	4	4	4	1	4	4	4	4	2	3	4	4
217	1	2	35	2	1	0	0	1	1	0	0	0	1	0	4	3	2	1	1	1	1	5	5	4	4	4	1	1	1	1	1	5	5	4	4	5	3	3	3	3	3	3	3	4	4	3	2	3	3	3	3	5	5	5	5	5	1	1	1	1	1	5	5	5	4	5	3	3	3	3	3	3	4	3	4	4	3	3	3	3	3
219	1	2	24	1	1	1	0	0	0	0	0	0	0	0	1	3	3	1	1	1	1	2	2	4	2	4	2	5	2	2	2	2	4	4	4	2	1	1	5	1	5	1	1	1	1	1	1	5	3	3	1	4	4	4	3	4	3	3	4	2	3	4	4	4	3	3	2	3	4	3	3	3	3	4	2	3	3	3	3	4	4
222	3	2	28	2	1	0	0	1	1	0	1	0	1	1	2	1	2	0	1	1	0	3	5	3	4	4	2	3	2	2	3	4	4	4	3	4	3	4	3	3	2	4	3	4	4	3	2	2	2	3	2	2	5	4	2	2	4	4	5	4	4	3	4	3	3	3	4	3	2	4	4	2	2	2	2	2	3	4	4	3	3
223	2	2	74	4	2	0	1	1	1	0	1	0	1	1	4	2	4	1	0	0	0	4	2	3	4	5	5	1	1	1	1	5	2	5	2	5	3	2	3	3	5	3	1	1	1	1	3	2	5	2	5	4	5	5	5	5	1	1	1	1	1	2	2	2	2	2	4	5	5	5	5	1	1	1	1	1	2	2	2	2	2
224	2	2	49	3	2	-999	-999	1	0	0	1	0	0	1	-999	3	4	1	0	0	0	3	1	1	1	1	2	1	4	1	1	3	1	1	2	1	3	1	1	1	5	1	1	1	5	5	3	4	5	2	4	1	5	1	1	1	4	1	4	4	4	1	1	1	1	1	4	1	4	4	4	1	1	1	1	1	4	4	4	1	4
225	2	2	44	2	2	0	0	1	1	0	1	0	1	1	4	2	4	1	0	0	0	5	4	5	4	4	3	2	3	2	2	3	4	4	3	4	3	3	3	4	3	3	3	3	2	3	3	3	3	3	3	3	4	4	3	2	4	3	4	4	4	3	3	4	4	3	3	2	3	3	3	2	3	3	2	3	3	3	4	4	3
226	2	2	54	3	1	0	0	1	1	1	1	0	1	1	-999	2	4	1	1	1	0	3	1	3	3	4	2	4	5	4	4	2	1	2	3	2	5	5	5	4	3	5	2	1	2	2	4	5	4	3	4	4	5	4	4	4	3	2	5	4	2	4	3	3	3	3	4	2	4	4	4	2	3	2	2	3	4	3	3	3	3
227	2	2	49	3	2	0	0	1	0	0	1	0	0	1	-999	1	3	1	1	0	0	2	5	4	4	4	1	2	2	1	1	2	2	2	3	2	5	5	4	4	5	1	2	2	1	1	4	4	4	3	5	2	4	5	5	4	4	1	3	2	2	3	2	2	2	1	4	4	5	5	4	2	1	3	2	2	4	4	4	2	5
230	2	2	42	2	2	0	0	1	1	1	1	0	1	1	5	2	2	1	1	1	0	3	2	3	4	4	4	2	4	4	4	1	1	1	1	1	2	3	3	3	3	4	4	3	3	3	4	5	5	5	5	5	5	1	1	1	5	5	5	1	5	1	1	5	1	1	1	1	5	5	5	1	1	1	5	1	5	5	1	5	5
231	1	2	38	2	1	0	0	1	1	0	0	0	1	0	3	3	3	0	1	1	0	4	5	5	5	4	1	3	3	3	3	5	5	5	4	5	1	1	1	1	2	5	3	3	3	3	1	1	1	2	1	4	5	4	3	4	1	1	3	1	4	4	2	2	2	4	2	2	2	3	2	1	1	3	1	2	4	4	4	5	2
234	3	2	39	2	2	0	0	1	1	0	1	1	1	1	3	3	3	1	0	1	0	5	5	5	3	3	4	1	4	1	1	3	2	3	3	3	3	5	2	3	2	4	1	2	1	1	5	2	3	3	3	3	5	4	4	5	5	2	4	4	2	3	3	4	4	3	3	5	3	3	5	3	2	2	2	2	4	3	3	4	3
235	3	2	32	2	1	0	0	1	1	0	0	1	1	1	3	2	3	1	0	1	0	4	5	5	4	4	1	1	2	1	1	5	5	4	3	5	3	4	3	3	3	3	4	3	4	4	3	2	3	2	1	5	5	5	5	4	1	4	2	1	1	5	5	4	5	5	2	3	2	2	3	3	5	4	4	4	1	1	2	2	1
236	2	2	46	3	2	-999	-999	1	1	0	1	0	1	1	-999	3	3	1	1	1	1	1	5	1	1	1	4	5	4	3	5	1	1	1	1	1	5	5	5	5	3	1	1	2	1	2	5	5	5	5	5	1	5	1	1	1	5	5	5	5	5	1	1	1	1	1	5	3	5	5	5	1	1	1	1	1	5	5	5	5	5
238	2	2	46	3	1	0	0	1	1	0	1	0	1	1	4	3	2	1	1	1	1	3	5	2	3	2	4	3	4	4	3	2	2	3	2	2	4	5	3	3	3	3	3	2	3	3	4	3	3	2	4	3	4	2	2	2	4	3	4	3	3	2	2	3	2	2	3	4	3	3	3	3	3	3	3	3	3	4	3	3	4
242	2	2	47	3	2	0	0	1	1	0	1	0	1	1	3	2	2	0	0	1	0	4	2	4	4	4	2	1	2	2	2	3	4	4	2	4	3	4	3	3	4	4	4	2	1	1	3	4	4	2	4	4	4	4	3	4	2	2	4	2	2	3	3	4	2	4	4	4	4	3	4	2	2	2	2	2	3	4	4	2	4
243	1	2	52	3	1	0	0	1	1	0	0	0	1	0	3	2	2	0	0	1	0	4	3	3	3	4	1	2	2	2	2	4	4	4	2	4	3	2	3	3	3	4	4	2	4	2	2	2	2	2	2	3	2	3	2	4	2	3	2	2	2	2	2	4	2	2	3	4	3	2	3	3	3	2	4	2	3	3	4	2	4
246	1	2	32	2	1	0	0	1	0	0	1	0	0	1	2	3	2	1	0	1	0	4	4	4	4	3	2	2	2	2	2	4	4	4	3	4	2	2	2	3	3	3	3	3	3	3	2	4	4	3	2	4	4	4	4	3	2	3	2	2	2	4	3	4	3	4	2	3	3	3	3	3	3	3	3	3	2	3	4	3	3
250	1	2	24	1	1	0	0	1	1	0	0	0	1	0	3	2	2	0	0	1	0	3	4	3	4	3	1	2	2	1	2	4	4	3	4	4	2	2	3	2	3	5	3	4	4	2	2	3	3	2	2	4	3	4	4	4	1	3	2	1	1	3	4	4	3	4	3	4	2	2	3	5	3	3	3	3	3	3	3	3	2
253	1	2	47	3	1	0	0	1	1	0	0	0	1	0	3	2	3	1	0	1	0	5	5	4	4	4	2	2	2	2	2	5	4	5	3	5	3	5	3	2	4	2	2	2	2	2	5	4	5	3	3	3	4	3	3	3	3	3	2	2	2	5	3	3	3	3	3	3	3	3	3	3	3	2	2	2	3	3	3	3	3
255	1	2	21	1	1	0	0	1	1	0	0	0	1	0	-999	2	2	1	0	1	0	4	4	4	4	4	1	4	1	1	2	4	4	4	3	5	2	2	2	2	2	4	2	3	4	5	2	3	2	3	1	4	4	5	5	4	1	2	1	1	1	3	3	4	3	5	2	1	1	4	2	5	4	5	4	4	3	3	3	3	1
256	2	2	28	2	2	-999	-999	1	1	0	1	0	1	1	-999	2	2	0	1	1	0	3	3	3	3	3	3	3	3	3	3	5	5	5	3	5	3	3	3	3	3	3	3	3	3	3	1	1	1	3	1	3	3	3	3	3	3	3	3	3	3	5	5	5	3	5	3	3	3	3	3	3	3	3	3	3	1	1	1	3	1
257	3	2	21	1	2	0	0	1	0	0	0	1	0	1	3	3	2	1	0	0	1	5	5	3	3	1	5	4	1	1	4	1	1	2	1	1	1	1	3	3	1	1	2	5	1	1	1	1	2	1	1	4	1	4	2	3	2	1	1	1	3	3	1	2	1	3	4	1	5	2	3	2	1	1	1	3	3	1	2	1	3
258	2	2	25	2	2	0	0	1	0	0	1	0	0	1	4	3	2	1	1	1	1	3	4	3	3	3	3	3	3	2	2	4	4	4	4	5	3	4	3	3	3	4	4	3	2	2	2	2	2	4	2	4	4	3	3	3	3	3	4	4	3	2	2	2	2	2	3	3	3	3	3	3	3	3	3	3	4	4	4	4	4
260	1	2	36	2	2	0	0	0	0	0	0	0	0	0	3	3	1	1	1	1	1	4	1	1	1	3	1	1	1	1	1	3	4	4	3	3	3	1	1	1	3	1	1	1	1	1	3	4	4	3	3	3	4	1	1	4	1	1	1	1	1	3	4	4	3	3	3	4	1	1	4	1	1	1	1	1	3	4	4	3	3
262	1	2	45	3	2	0	0	1	1	0	0	0	1	0	4	3	2	1	0	1	0	5	5	5	5	3	1	1	1	1	1	5	5	5	3	4	1	1	1	1	3	1	5	1	1	1	1	1	1	3	2	5	5	5	5	5	1	1	1	1	1	5	2	5	3	4	1	1	1	1	1	1	1	1	1	1	1	4	1	3	2
263	3	2	25	2	1	0	0	1	0	0	0	1	0	1	2	3	3	1	1	1	1	4	5	3	3	3	3	3	4	4	3	2	3	4	3	2	4	5	3	3	3	2	3	3	3	3	4	3	4	3	4	2	5	2	3	2	4	4	4	4	4	2	2	2	3	2	3	4	4	3	4	3	3	2	3	2	4	4	4	3	4
264	1	2	33	2	1	0	0	0	0	0	0	0	0	0	3	3	2	1	1	1	1	4	3	4	4	3	1	1	1	1	1	3	5	5	4	4	3	1	1	1	1	5	4	5	5	1	1	2	2	1	1	5	5	4	5	3	1	4	1	1	1	3	4	3	4	4	2	1	1	3	3	4	1	1	1	1	3	1	4	5	2
266	1	2	67	4	1	0	0	1	1	1	0	0	1	0	5	3	3	1	0	1	0	5	4	3	3	4	1	2	2	2	2	4	4	4	4	4	3	3	3	3	3	3	3	2	2	2	4	4	4	4	4	4	3	3	3	3	2	3	3	3	3	4	4	4	4	4	4	3	3	3	3	3	3	3	3	3	4	4	4	4	4
267	3	2	29	2	2	0	0	1	1	0	1	1	1	1	5	2	2	1	0	1	1	3	5	4	3	3	3	3	3	3	3	5	3	3	4	4	3	1	2	2	5	3	3	1	1	1	2	3	3	3	4	4	5	3	3	2	5	2	3	3	1	3	3	4	3	3	3	1	3	3	5	1	3	1	1	1	4	5	5	4	3
271	3	2	57	3	1	0	0	1	0	0	0	1	0	1	2	2	3	1	1	1	1	5	5	5	4	5	4	4	1	1	1	3	3	4	5	4	3	5	2	3	5	4	5	1	4	3	3	3	4	5	4	4	5	3	3	4	3	3	3	3	2	3	4	3	3	3	3	3	3	3	5	3	3	3	3	3	3	5	5	5	5
272	2	2	24	1	2	1	0	1	0	0	1	0	0	1	-999	2	3	1	0	0	0	4	4	1	1	3	1	2	1	1	4	2	2	3	1	1	4	2	3	3	1	3	3	3	3	2	2	4	4	5	4	1	5	3	3	1	5	4	5	4	5	1	1	1	1	1	4	2	3	3	4	1	3	2	1	1	5	5	5	3	4
273	3	2	22	1	2	0	0	1	0	0	0	1	0	1	3	3	2	1	1	1	1	5	4	4	4	4	3	2	1	2	3	5	5	5	4	5	4	4	2	2	3	3	4	1	3	3	3	3	3	3	1	5	5	4	4	3	4	3	4	3	3	5	5	5	4	5	4	3	3	3	3	2	3	3	3	3	1	2	3	3	3
274	1	2	44	2	2	0	0	0	0	0	0	0	0	0	3	3	2	1	0	1	0	4	5	4	4	4	4	4	3	4	3	4	5	5	5	4	2	3	3	3	3	3	3	3	2	3	3	3	3	3	3	4	4	4	5	4	3	4	5	4	3	4	4	4	4	5	2	3	3	3	3	3	3	3	3	3	3	3	3	3	3
280	1	2	36	2	1	0	1	1	1	0	0	0	1	0	1	3	3	1	1	1	0	4	5	4	4	4	1	1	1	2	1	5	5	4	4	5	1	3	2	2	3	3	4	3	3	2	2	3	3	3	2	5	5	4	4	4	5	2	2	2	2	5	5	5	5	5	2	2	2	2	3	2	4	3	3	3	2	2	2	2	2
286	3	2	62	3	2	-999	-999	1	1	1	0	1	1	1	-999	3	2	1	1	1	0	2	5	1	1	1	4	1	4	3	3	1	1	1	1	1	2	2	1	1	1	2	1	2	3	2	1	1	1	1	4	1	5	1	1	4	4	1	5	4	4	3	3	3	3	3	1	4	1	1	2	1	1	1	2	2	3	3	3	3	3
287	2	2	39	2	2	0	0	1	0	0	1	0	0	1	5	3	4	0	0	1	0	3	3	3	1	2	3	4	1	2	2	3	3	3	4	5	3	3	3	3	4	3	4	1	2	4	4	5	4	2	5	4	4	4	4	3	4	1	4	4	1	3	3	4	1	2	4	4	2	4	3	4	1	1	1	1	4	4	4	1	2
290	1	2	44	2	2	0	0	1	1	0	0	0	1	0	-999	3	3	1	1	1	0	4	4	4	4	4	3	1	2	2	2	4	4	4	3	4	3	3	3	3	3	3	2	2	3	2	3	3	3	3	4	2	4	4	4	4	2	3	2	2	2	3	3	3	3	3	4	3	3	3	3	2	3	2	2	3	3	3	3	3	3
292	3	2	58	3	1	0	0	1	1	0	1	1	1	1	-999	3	1	1	1	1	1	5	5	3	3	3	1	1	3	3	3	5	5	5	5	5	1	5	3	3	3	5	1	3	3	3	5	5	5	5	5	5	5	3	3	3	3	1	3	1	1	5	5	5	5	5	3	3	3	3	3	1	1	3	1	1	5	5	5	5	5
297	2	2	32	2	1	1	0	0	0	0	0	0	0	0	2	3	2	0	1	1	0	4	4	3	3	2	1	2	1	2	2	3	4	4	3	4	2	3	3	3	4	4	3	4	4	2	4	4	4	4	2	4	4	3	3	3	2	2	4	2	4	2	4	4	2	2	3	2	3	3	3	2	4	2	4	2	4	4	4	4	4
299	3	2	24	1	2	0	0	0	0	0	0	0	0	0	-999	3	2	1	0	1	0	4	4	3	4	3	1	2	3	2	2	3	3	3	4	3	3	4	3	3	3	3	3	3	3	3	3	3	3	2	3	3	4	3	3	3	4	2	3	3	1	3	3	3	3	3	3	3	3	3	3	2	3	3	3	1	3	3	3	3	3
301	1	2	35	2	1	0	0	0	0	0	0	0	0	0	2	3	2	1	0	0	0	4	4	5	4	4	2	2	1	3	3	5	4	4	3	4	3	4	1	2	1	4	2	2	2	2	2	2	2	3	2	4	4	4	4	4	2	2	2	2	2	4	5	5	4	5	1	1	1	3	3	1	1	3	1	1	1	1	2	2	1
303	1	2	20	1	2	0	0	1	0	0	1	0	0	1	-999	2	3	1	0	0	0	3	5	4	4	4	1	3	2	3	3	4	3	4	3	4	3	3	2	1	3	2	4	3	3	3	2	3	3	3	2	2	4	3	4	4	1	4	3	3	3	3	3	3	3	3	3	2	3	3	4	1	3	1	3	3	4	5	4	4	4
304	3	2	19	1	1	0	0	1	0	0	0	1	0	1	3	3	1	1	1	1	1	3	5	3	3	3	4	3	4	3	3	1	2	2	3	2	5	4	3	3	3	2	3	2	3	3	3	4	4	3	4	4	4	3	3	3	3	3	3	3	3	4	4	4	3	4	4	4	3	3	3	3	3	3	3	3	4	4	4	3	4
305	1	2	32	2	2	1	0	0	0	0	0	0	0	0	1	3	2	1	0	1	0	3	5	3	3	3	1	1	2	1	1	4	5	5	5	4	5	3	3	3	3	1	1	2	1	1	4	3	5	3	5	1	1	1	1	1	1	5	1	1	1	1	1	1	1	1	5	5	4	5	3	1	1	1	1	1	5	5	5	5	5
310	3	2	36	2	2	0	0	1	0	1	0	1	1	1	3	3	4	1	0	0	1	4	5	2	5	4	2	2	2	2	3	4	4	4	4	4	2	4	3	3	3	4	2	3	2	2	3	4	4	3	4	3	4	2	4	4	2	2	2	2	2	2	2	4	2	2	3	4	3	4	4	2	3	3	3	3	3	3	4	3	2
314	1	2	43	2	1	0	0	1	1	0	0	0	1	0	-999	3	1	1	0	0	0	5	4	4	4	4	2	2	2	2	3	4	4	4	4	4	3	2	2	2	2	4	4	4	4	3	3	3	3	3	3	5	4	4	4	4	4	4	4	4	4	4	4	4	4	4	3	3	3	3	3	3	2	3	2	2	3	2	2	2	2
319	3	2	34	2	2	0	0	1	1	0	1	1	1	1	4	2	2	1	1	1	0	2	4	4	3	2	2	4	2	2	2	4	3	3	3	4	3	3	2	2	4	2	2	2	3	2	3	4	4	4	4	2	4	2	2	2	4	5	4	2	4	2	2	2	2	2	4	2	5	3	4	3	2	2	2	2	4	4	4	5	5
325	1	2	67	4	2	0	1	0	0	0	0	0	0	0	4	3	3	1	0	1	0	3	4	3	3	4	2	2	2	2	3	5	5	5	5	5	2	2	2	3	4	4	3	2	2	3	1	1	1	1	1	4	3	4	3	4	2	3	3	3	3	4	5	4	4	5	2	3	2	3	2	3	3	3	3	3	2	1	2	2	1
327	1	2	21	1	2	0	0	0	0	0	0	0	0	0	1	3	4	1	0	1	0	3	4	2	4	2	3	4	3	3	3	3	3	3	4	3	4	4	2	2	5	3	2	3	3	3	4	4	4	3	5	3	2	2	4	2	3	3	3	3	3	3	3	3	4	3	4	5	4	3	5	3	3	4	4	3	3	3	4	3	3
329	2	2	60	3	1	0	0	1	1	0	1	0	1	1	-999	2	3	0	0	1	0	3	3	3	3	3	4	5	5	4	1	1	1	1	1	1	3	5	3	1	3	5	3	1	5	4	5	5	5	3	5	1	5	1	5	1	1	1	5	5	5	1	1	1	1	1	5	1	5	1	5	5	5	4	3	1	5	5	5	5	5
332	3	2	34	2	1	0	0	1	0	0	0	1	0	1	3	2	1	1	0	0	1	1	5	4	4	3	4	3	4	2	4	1	1	2	1	4	5	3	2	4	4	3	2	2	2	1	4	5	5	1	4	2	5	4	4	3	4	3	4	4	3	4	4	4	3	3	4	1	3	3	3	2	3	3	2	3	3	3	3	3	3
334	1	2	50	3	1	0	0	1	1	1	0	0	1	0	-999	1	1	1	1	1	0	5	3	3	3	3	1	3	3	3	3	3	4	4	4	3	3	3	3	3	3	1	3	3	3	3	3	4	4	4	3	3	3	2	3	3	2	2	3	3	2	3	3	3	3	3	3	3	2	3	3	2	2	3	3	2	3	3	3	3	3
335	1	2	20	1	1	1	0	0	0	0	0	0	0	0	1	3	2	1	0	1	0	3	3	3	3	3	2	1	2	3	3	5	5	5	3	4	3	3	3	3	3	2	1	2	3	3	3	3	3	3	3	3	3	3	3	3	3	3	3	3	3	4	4	5	3	5	3	3	3	3	3	3	3	3	3	3	3	3	3	3	3
337	1	2	29	2	1	1	0	0	0	0	0	0	0	0	1	3	2	1	0	1	0	4	4	5	5	4	2	2	2	2	2	3	3	4	3	3	2	4	3	4	4	3	2	2	2	2	3	3	4	3	3	4	4	4	4	3	2	2	3	2	3	3	3	3	3	3	4	3	3	3	3	2	2	3	2	3	3	3	3	3	3
338	3	2	38	2	2	0	0	1	0	0	1	1	0	1	3	3	3	0	1	1	1	5	3	4	4	4	1	2	2	1	2	3	4	4	5	5	2	3	3	3	3	3	3	3	3	3	3	3	3	2	2	5	5	5	5	5	5	5	2	2	2	5	4	5	5	5	1	1	1	1	2	1	1	3	3	3	2	2	2	2	2
340	3	2	27	2	2	0	0	1	0	0	1	1	0	1	-999	3	2	1	0	0	1	5	5	5	4	3	3	5	3	2	2	4	4	4	5	5	5	5	5	4	3	4	5	3	2	2	4	4	4	5	5	3	5	2	1	3	5	5	5	4	5	5	3	2	2	2	5	2	5	4	5	2	2	3	3	2	3	4	5	5	5
344	2	2	52	3	1	0	0	1	1	0	0	0	1	0	4	2	2	1	1	1	0	4	5	4	4	5	4	3	1	1	1	2	2	4	1	4	2	4	1	2	5	2	3	1	1	1	3	3	4	1	2	2	5	3	3	4	4	1	4	4	1	4	2	4	2	2	4	4	3	3	5	2	1	2	2	1	4	3	4	2	4
345	3	2	25	2	2	0	0	1	0	0	0	1	0	1	3	3	4	1	1	1	1	5	5	5	5	5	4	1	1	1	5	5	5	5	5	5	2	4	1	1	1	3	5	5	5	1	1	1	1	1	1	5	5	5	5	5	4	1	1	5	4	5	5	5	5	5	2	2	1	1	2	2	5	5	2	1	1	2	1	1	1
346	1	2	22	1	1	1	0	1	1	0	0	0	1	0	1	3	1	1	0	1	0	4	4	4	3	3	2	2	1	2	2	4	5	4	5	4	3	3	3	3	4	4	2	4	4	3	4	4	3	5	3	2	3	4	3	3	2	3	2	4	2	3	2	2	3	2	4	4	3	3	3	3	3	4	2	3	4	4	4	5	4
350	1	2	25	2	1	0	0	0	0	0	0	0	0	0	3	3	2	1	0	0	0	4	3	3	4	3	2	2	2	2	2	4	4	4	3	3	3	3	3	3	3	2	2	2	2	2	3	4	4	2	3	4	4	4	4	3	2	2	2	2	2	4	4	4	3	4	3	3	3	3	3	2	2	2	2	2	3	3	3	3	3
351	2	2	55	3	1	0	0	1	1	0	1	0	1	1	5	3	2	1	1	1	1	3	4	3	3	3	1	1	1	1	1	3	3	3	3	3	3	4	3	3	3	1	1	1	1	1	3	3	3	3	3	3	3	3	3	4	1	1	1	1	1	4	4	4	1	1	3	3	3	3	4	1	1	1	1	1	4	4	4	1	1
352	2	1	61	3	2	0	1	1	1	0	1	0	1	1	2	2	3	1	0	1	0	3	4	3	3	3	2	2	4	3	3	2	1	2	3	2	3	2	3	3	3	3	3	3	3	3	2	3	3	3	3	2	5	2	2	2	5	4	4	4	4	2	1	1	2	2	3	3	3	3	2	2	3	3	3	3	3	4	3	3	4
353	1	1	62	3	2	0	1	1	1	1	1	0	1	1	2	3	3	1	1	1	1	5	5	4	4	4	1	3	4	2	2	4	4	4	4	4	1	3	3	3	4	3	2	4	2	2	3	4	3	3	3	4	4	4	4	4	2	2	2	2	2	4	4	4	4	4	3	3	3	3	4	3	2	2	2	2	3	3	3	4	3
354	2	1	36	2	1	0	1	1	0	0	1	0	0	1	1	3	3	1	1	1	1	5	5	4	4	4	1	1	1	1	5	4	4	4	3	3	2	5	3	2	3	3	1	5	5	1	4	4	4	3	3	2	5	1	1	5	3	2	3	3	1	4	3	3	1	2	4	4	3	3	5	3	2	3	2	1	4	4	3	3	4
355	2	1	41	2	1	0	1	1	1	0	1	0	1	1	-999	3	2	1	1	0	0	4	4	3	3	4	4	1	3	1	3	4	4	3	5	5	4	4	3	3	4	4	1	3	1	3	3	4	3	5	5	3	5	3	3	4	4	3	4	4	2	4	3	4	2	4	5	4	3	3	4	4	3	3	3	2	4	4	4	4	4
356	1	1	58	3	1	0	1	0	0	0	0	0	0	0	5	1	4	1	0	1	0	4	5	3	4	3	5	1	3	2	3	4	4	4	4	5	1	2	3	3	3	3	3	4	3	3	3	3	2	3	1	4	4	3	4	4	2	4	3	2	2	3	3	4	4	5	3	3	3	2	3	3	3	3	3	2	3	3	3	3	2
357	1	1	60	3	1	0	1	1	1	0	0	0	1	0	2	3	3	1	0	1	0	4	4	4	4	4	2	1	1	1	2	4	2	2	3	4	2	3	2	1	2	4	4	4	4	4	1	3	3	3	2	1	1	2	1	3	1	4	4	3	3	2	2	2	1	1	4	4	3	4	3	4	2	1	3	3	4	4	4	4	4
358	1	1	28	2	2	0	0	1	1	0	0	0	1	0	4	1	1	0	0	1	0	2	5	4	4	4	3	3	3	3	3	5	5	5	3	4	4	2	2	2	2	3	3	3	3	3	2	2	2	3	2	2	3	3	3	3	3	5	4	3	5	1	1	1	3	1	4	3	3	3	3	3	1	2	3	1	5	5	5	3	5
359	2	1	33	2	2	0	0	1	0	0	1	0	0	1	4	1	3	1	0	1	0	2	2	4	4	4	4	3	4	2	3	2	3	2	3	2	4	1	4	3	3	2	3	1	2	3	4	4	4	3	4	2	4	4	3	3	4	3	4	3	3	2	2	2	3	2	4	3	3	4	4	3	3	3	3	3	4	4	4	4	4
360	1	1	62	3	1	0	0	1	1	0	0	0	1	0	-999	3	3	1	0	1	0	4	5	3	3	4	3	5	2	1	1	5	4	4	3	3	3	5	3	3	4	3	4	2	1	1	5	4	5	3	3	2	4	3	1	4	2	5	3	1	5	1	1	1	1	1	2	3	3	3	5	2	3	3	1	3	4	4	5	3	5
361	1	1	16	1	2	1	0	1	0	0	1	0	0	1	2	3	2	1	0	1	0	4	4	4	3	2	1	3	3	2	3	4	4	4	4	4	3	2	2	3	4	2	2	2	4	3	4	4	3	4	3	4	2	2	3	5	3	3	1	3	1	4	4	5	5	5	3	3	2	2	4	3	2	1	2	3	3	3	3	5	2
362	1	1	63	3	2	1	0	1	1	0	0	0	1	0	-999	2	3	1	0	1	0	5	3	5	3	3	1	5	1	1	3	3	3	3	3	3	3	1	3	3	3	1	5	5	1	3	3	3	3	3	3	3	3	3	3	3	3	3	3	3	3	3	3	3	3	3	3	3	3	3	3	3	3	3	3	3	3	3	3	3	3
363	1	1	62	3	2	0	1	1	1	1	1	0	1	1	4	2	3	1	0	1	0	5	3	3	3	3	2	2	2	3	2	5	5	4	3	5	2	4	3	3	3	4	3	3	3	2	2	2	2	3	2	1	5	1	1	3	5	5	5	4	4	1	1	1	1	2	3	3	3	3	3	3	3	3	3	3	4	4	4	3	3
364	1	1	62	3	2	0	1	1	1	1	0	0	1	0	2	3	1	1	0	0	0	1	3	3	3	3	2	3	3	3	1	3	3	3	3	3	2	2	2	1	3	1	2	1	2	3	1	1	1	1	1	3	3	3	4	3	3	1	1	1	1	5	5	5	3	5	1	1	1	1	1	1	3	2	4	5	1	1	1	3	1
365	2	1	62	3	2	0	1	1	1	0	1	0	1	1	4	2	2	1	0	1	0	1	5	2	2	3	4	4	4	3	3	2	2	2	1	3	5	3	3	3	3	2	3	3	3	3	3	3	3	3	3	1	5	2	2	3	5	4	3	3	3	1	2	2	3	3	4	3	3	3	3	3	3	3	3	3	3	4	3	3	3
366	1	1	63	3	2	0	1	1	1	0	0	0	1	0	6	3	3	1	0	1	0	4	4	3	3	4	2	3	2	2	2	4	3	4	4	4	2	3	2	2	3	3	3	3	3	3	2	3	3	3	2	2	4	2	3	2	3	4	4	3	4	1	1	1	2	1	4	3	3	4	4	2	2	2	2	3	4	4	4	3	4
367	1	1	64	3	2	0	1	1	1	0	0	0	1	0	-999	2	3	1	0	1	0	4	4	4	4	3	2	2	2	2	2	4	4	4	3	4	2	2	2	2	3	4	4	4	4	4	2	2	2	3	2	4	3	3	3	3	2	2	3	2	3	4	4	4	3	4	2	3	3	3	3	4	4	3	4	3	2	2	2	3	2
368	1	1	64	3	2	0	1	1	1	0	0	0	1	0	3	3	3	1	0	1	0	4	2	4	4	4	3	3	3	3	3	4	4	4	4	4	2	4	2	2	2	3	3	3	3	3	2	3	3	3	3	2	2	3	3	2	3	4	4	3	4	2	2	2	2	2	4	4	3	3	4	3	2	2	3	2	4	4	4	4	4
369	2	1	64	3	2	0	1	1	1	0	1	0	1	1	-999	1	3	1	0	1	0	4	4	3	3	3	3	2	3	2	3	3	3	3	3	2	2	3	3	3	3	3	2	3	2	3	3	4	3	3	4	1	4	3	2	2	4	4	4	3	3	1	1	1	3	1	4	4	3	4	4	2	2	2	2	3	5	5	5	3	5
370	1	1	65	4	2	0	1	1	1	1	0	0	1	0	5	3	4	1	0	1	0	4	4	3	3	4	2	2	3	3	2	4	4	4	4	4	2	2	3	3	2	4	4	3	3	3	2	2	2	2	2	2	4	3	2	2	3	4	4	3	4	2	2	2	2	2	4	2	3	3	4	3	2	2	3	2	4	4	4	4	4
371	1	1	65	4	2	0	1	1	1	1	1	0	1	1	5	3	3	0	0	1	0	3	4	2	3	2	2	2	3	2	2	3	3	3	2	2	2	3	2	3	2	2	3	3	2	2	3	3	2	2	2	3	2	2	2	2	2	2	2	2	2	2	3	3	2	2	3	2	2	2	2	2	2	2	2	2	3	3	3	2	2
372	1	1	65	4	2	0	1	1	1	0	0	0	1	0	5	3	4	1	0	0	0	5	4	4	4	3	3	3	3	3	2	4	4	4	3	4	1	3	3	3	3	3	3	3	3	2	2	2	2	3	2	1	5	1	1	1	5	5	5	5	5	1	1	1	3	1	5	1	5	5	5	1	1	1	1	1	5	5	5	3	5
373	2	1	65	4	2	0	1	1	1	0	1	0	1	1	2	2	2	1	0	1	0	5	5	4	4	4	1	1	1	1	1	4	4	4	4	4	3	3	3	3	3	3	3	3	3	3	3	3	3	3	3	3	4	3	3	4	3	1	3	3	2	4	3	3	3	3	3	4	3	3	4	3	3	3	3	2	3	3	3	3	3
374	2	1	65	4	2	0	1	1	1	0	1	0	1	1	-999	1	2	1	0	0	0	3	5	2	2	4	4	2	2	2	1	4	3	4	4	4	3	3	2	2	4	3	2	2	2	1	4	3	4	4	4	3	5	3	2	3	4	3	2	2	2	4	2	3	3	2	3	4	3	2	4	2	2	2	2	2	4	4	4	4	4
375	1	1	66	4	2	0	1	1	1	0	0	0	1	0	5	3	4	1	1	1	0	5	4	5	4	4	1	2	2	1	2	4	4	4	3	4	1	2	2	2	2	4	4	3	4	4	2	2	2	3	2	2	2	4	2	2	3	4	4	4	4	2	2	2	2	2	4	4	2	3	4	2	2	2	2	2	4	4	4	4	4
376	1	1	66	4	2	0	1	1	1	0	0	0	1	0	6	3	3	1	0	1	0	4	5	3	1	3	1	1	1	1	3	5	5	5	1	3	1	1	3	1	3	1	3	1	3	3	1	3	1	1	3	1	5	1	1	1	5	5	4	5	5	1	1	1	1	1	5	1	3	4	5	1	1	2	1	1	5	5	5	3	5
377	1	1	66	4	2	0	1	1	1	0	0	0	1	0	-999	3	3	1	0	0	1	5	5	5	5	5	1	1	2	1	1	5	5	5	5	5	1	2	1	1	1	5	5	5	5	5	1	1	1	1	1	5	5	5	5	5	1	1	1	1	1	5	5	5	5	5	1	2	1	1	1	5	5	5	5	5	1	1	1	1	2
378	2	1	66	4	2	0	1	1	0	1	0	1	1	1	4	1	4	1	0	0	0	3	4	3	2	3	4	3	4	4	3	2	2	2	3	1	4	5	3	2	3	3	3	3	3	3	4	3	4	3	3	1	1	2	1	4	1	5	5	1	5	1	1	1	1	1	3	3	3	3	3	3	3	3	3	3	3	3	3	3	2
379	1	1	67	4	2	0	1	1	1	0	1	0	1	1	5	3	4	0	0	1	0	4	4	3	3	3	2	2	2	2	3	2	3	2	3	2	2	3	2	2	3	2	2	2	3	3	2	3	3	3	4	2	4	2	3	2	3	4	4	2	3	2	2	1	1	2	4	2	3	3	2	2	2	2	2	3	3	4	4	4	4
380	1	1	67	4	2	0	1	1	1	0	0	0	1	0	-999	1	2	1	0	0	0	5	5	4	3	3	5	3	3	3	3	5	5	5	3	5	3	3	3	3	3	3	3	3	3	3	3	3	3	3	3	5	3	3	3	3	3	3	3	3	3	4	4	4	3	4	3	3	3	3	3	3	3	3	3	3	3	3	3	3	3
381	1	1	67	4	2	0	1	1	1	0	0	0	1	0	5	3	3	1	0	1	0	4	4	3	3	3	2	4	4	2	1	5	4	4	4	4	2	2	2	2	2	1	2	2	4	4	2	2	2	2	2	1	5	1	1	1	4	5	5	5	5	1	1	5	1	1	5	2	5	4	4	2	2	2	1	1	5	5	2	4	4
382	1	1	68	4	2	0	1	1	1	0	0	0	1	0	5	3	4	1	0	1	1	5	5	5	5	5	2	3	1	3	3	5	5	5	5	5	2	3	1	3	3	4	5	3	3	4	1	3	3	2	2	3	5	1	1	2	3	4	5	4	5	2	2	2	2	2	3	3	3	3	4	3	3	3	3	3	4	5	5	4	5
383	1	1	68	4	2	0	1	1	1	0	0	0	1	0	5	2	3	1	0	1	0	3	3	3	3	3	3	3	3	2	2	4	4	4	3	4	3	3	3	3	3	3	3	3	2	2	2	2	2	3	2	2	4	3	2	2	3	4	2	2	3	2	2	2	3	2	3	3	3	2	3	3	2	2	2	3	4	4	4	3	4
384	1	1	69	4	2	0	1	1	1	1	1	0	1	1	-999	2	3	1	0	1	0	3	3	1	3	3	1	1	1	1	1	2	3	3	3	3	3	3	1	3	3	1	1	1	1	1	2	3	3	3	3	1	3	2	1	1	2	4	4	4	4	1	1	1	1	1	4	3	3	3	4	3	1	3	1	2	4	5	4	5	5
385	1	1	69	4	2	0	1	1	1	0	0	0	1	0	2	2	1	1	0	1	0	1	4	3	3	3	1	1	2	2	2	4	4	4	4	4	2	2	3	3	3	2	3	3	3	3	3	3	3	3	3	3	4	2	3	4	3	2	3	3	3	4	3	4	3	4	3	3	3	3	3	3	3	3	3	3	3	3	3	3	3
386	1	1	70	4	2	0	1	1	1	0	1	0	1	1	6	3	2	1	0	1	0	4	4	3	4	4	2	3	3	2	2	4	4	5	3	4	2	2	3	3	4	4	3	3	4	2	3	2	3	3	1	2	4	3	3	3	3	4	4	3	2	3	3	2	3	2	4	2	4	4	3	2	3	2	3	2	4	4	4	3	4
387	1	1	70	4	2	0	1	1	1	0	0	0	1	0	5	2	2	1	0	0	0	5	5	5	5	5	3	1	1	3	1	5	5	5	5	5	1	1	1	1	1	1	5	5	5	5	1	1	1	3	1	5	5	5	3	3	1	1	1	3	3	3	3	3	3	3	3	3	1	3	3	3	3	3	3	3	3	3	3	3	3
388	1	1	70	4	2	0	1	1	1	0	0	0	1	0	6	3	4	1	0	1	0	4	3	3	4	4	4	4	2	3	3	4	4	4	3	4	2	3	3	2	3	3	2	4	4	4	2	3	2	3	3	2	4	2	2	2	3	4	4	3	3	2	2	2	3	2	4	3	3	4	3	2	2	3	4	2	3	3	3	3	4
389	1	1	70	4	2	0	1	1	1	0	0	0	1	0	5	3	3	1	0	1	0	3	4	5	4	5	4	1	2	1	5	5	5	5	5	5	2	1	1	1	1	2	5	3	5	1	1	1	1	1	1	5	5	5	5	5	1	5	1	5	1	5	5	5	4	4	1	1	1	1	1	4	1	5	1	5	1	1	1	1	1
390	1	1	71	4	2	0	1	1	1	0	0	0	1	0	5	3	4	1	0	1	0	5	5	5	5	5	1	1	1	1	5	5	5	5	5	5	1	1	1	1	1	5	5	5	5	1	1	1	1	1	1	3	4	3	3	5	3	3	3	3	3	4	4	4	4	4	4	4	3	4	3	4	4	4	3	3	5	5	5	5	5
391	1	1	74	4	2	0	1	1	1	0	0	0	1	0	5	3	4	1	0	1	0	5	3	3	4	4	2	2	3	1	2	5	5	5	5	5	2	3	3	3	3	2	2	3	1	3	1	3	3	3	3	2	3	1	1	2	4	5	4	4	5	2	2	2	3	2	3	3	3	3	3	3	3	2	2	2	4	4	5	3	4
392	1	1	74	4	2	0	1	1	1	0	1	0	1	1	4	1	2	1	0	1	0	4	5	3	4	4	3	1	2	1	1	5	4	5	2	3	2	3	3	3	3	3	2	1	1	1	3	4	5	2	3	4	4	1	4	4	1	1	1	1	1	5	4	5	1	4	3	3	1	2	3	1	1	1	1	1	4	4	4	1	2
393	1	1	75	4	2	0	1	1	1	0	0	0	1	0	-999	2	3	1	0	0	0	3	3	3	3	3	3	3	3	3	3	3	3	3	3	3	3	3	3	3	3	3	3	3	3	3	3	3	3	3	3	4	3	3	3	3	3	3	3	3	3	4	4	4	3	4	3	3	3	3	3	3	3	3	3	3	3	3	3	3	4
394	1	1	76	4	2	0	1	1	1	0	1	0	1	1	-999	3	4	1	0	1	0	2	2	2	2	2	2	2	2	2	2	3	3	3	3	3	2	2	2	2	2	2	2	2	2	2	3	3	3	3	3	3	3	3	3	3	3	3	3	3	3	3	3	3	3	3	3	3	3	3	3	3	3	3	3	3	3	3	3	3	3
395	1	1	77	4	2	0	1	1	1	0	1	0	1	1	5	2	2	1	1	1	1	5	5	5	5	5	1	1	1	1	1	5	5	5	5	5	1	1	1	1	1	4	5	5	5	5	1	1	1	1	1	5	5	5	5	5	1	1	1	1	1	3	3	3	3	3	1	1	1	1	1	5	5	5	5	5	5	5	5	5	5
396	1	1	77	4	2	0	1	1	1	0	0	0	1	0	5	3	4	1	0	1	0	3	3	3	3	3	3	3	3	3	3	3	3	3	3	3	3	3	3	3	3	3	3	3	3	3	3	3	3	3	3	3	3	3	3	3	3	3	3	3	3	3	3	3	3	3	3	3	3	3	3	3	3	3	3	3	3	3	3	3	3
397	1	1	82	4	2	0	1	0	0	0	0	0	0	0	-999	3	3	1	0	1	0	5	3	3	3	3	5	3	3	3	3	3	3	4	4	4	3	5	3	3	3	3	3	4	4	4	3	3	4	3	3	3	3	3	3	4	4	3	4	3	4	4	4	4	3	3	3	3	3	3	3	3	3	3	3	3	3	3	3	3	3
398	1	1	60	3	1	0	1	0	0	0	0	0	0	0	3	3	4	1	0	1	0	5	5	5	5	4	1	1	1	1	1	5	5	5	4	5	1	2	1	2	3	3	4	3	3	3	2	3	2	2	1	5	4	5	4	4	1	1	1	1	1	5	5	5	4	5	1	1	1	1	3	4	5	2	4	4	1	1	1	2	1
399	2	1	61	3	1	0	1	1	1	0	1	0	1	1	-999	2	2	1	0	1	0	2	5	3	2	2	4	4	4	3	4	2	1	1	1	1	4	2	3	3	3	2	2	2	3	2	4	5	4	4	5	1	5	3	1	1	5	5	5	5	5	1	1	1	1	1	4	3	3	3	3	1	1	1	1	2	4	5	4	4	5
400	1	1	62	3	1	0	1	1	1	0	0	0	1	0	-999	3	3	1	1	1	0	4	3	3	3	4	2	3	2	2	1	4	4	4	5	4	2	4	3	3	3	4	3	3	3	1	3	3	2	3	3	3	3	3	3	3	2	3	3	3	2	3	2	2	3	3	3	3	3	3	3	2	3	3	3	2	3	3	3	3	4
401	1	1	62	3	1	0	1	1	1	0	1	0	1	1	-999	3	3	1	0	1	0	5	4	4	4	3	1	1	1	1	1	4	4	4	3	4	1	1	1	1	1	5	5	4	4	4	1	1	1	1	2	2	3	2	2	3	3	2	4	3	4	2	2	2	4	2	3	2	3	3	3	3	4	3	3	3	4	4	4	3	4
402	1	1	62	3	1	0	1	0	0	0	0	0	0	0	5	3	3	1	0	1	0	4	4	4	4	4	1	1	1	1	1	4	4	4	4	4	1	1	1	1	1	4	4	4	4	4	1	1	1	1	1	1	4	1	1	1	4	4	4	4	4	1	1	1	1	1	4	1	4	4	4	1	1	1	1	1	4	4	4	4	4
403	1	1	62	3	1	0	1	1	1	0	1	0	1	1	4	3	3	1	1	1	0	3	3	3	3	3	3	1	1	1	1	3	3	3	3	3	3	3	3	3	3	3	1	1	1	1	3	3	3	3	3	3	3	3	3	3	1	3	3	2	3	3	5	4	3	3	3	3	3	3	3	2	3	3	2	3	3	5	4	3	3
404	1	1	63	3	1	0	1	1	1	0	0	0	1	0	5	2	3	1	0	1	0	3	4	4	4	2	2	3	3	2	3	4	2	2	3	4	3	2	3	3	4	4	3	3	4	3	3	4	4	3	3	1	4	1	1	1	4	4	4	4	4	1	1	1	1	1	4	1	4	4	4	1	1	1	1	1	4	4	4	4	4
405	1	1	63	3	1	0	1	0	0	0	0	0	0	0	4	3	3	1	0	1	1	3	4	3	3	3	1	3	2	3	1	5	5	5	3	5	1	2	3	3	3	4	3	3	3	3	1	1	1	3	2	1	4	3	3	3	1	3	3	3	3	2	2	2	2	1	3	3	3	3	3	3	3	3	3	3	3	3	3	3	4
406	1	1	64	3	1	0	1	1	1	0	0	0	1	0	6	1	2	1	0	1	0	5	4	4	4	4	2	2	2	2	2	4	4	4	3	4	2	4	2	2	3	2	4	3	2	2	4	4	4	3	3	3	3	3	3	3	3	3	3	3	3	3	3	3	3	3	3	3	3	3	3	3	3	3	3	3	3	3	3	3	3
407	1	1	65	4	1	0	1	1	1	0	0	0	1	0	3	3	3	1	0	1	0	5	5	5	5	4	1	1	1	1	2	3	3	3	3	4	1	1	1	1	2	5	5	5	5	4	3	3	3	3	2	3	3	3	3	3	3	3	3	3	3	3	3	3	3	3	3	3	3	3	3	3	3	3	3	3	3	3	3	3	3
408	1	1	65	4	1	0	1	1	1	0	0	0	1	0	5	3	2	1	0	1	0	3	5	3	3	3	1	3	3	2	2	3	3	4	2	3	4	2	3	3	3	3	3	3	4	2	3	3	3	2	3	4	3	4	3	3	2	3	2	1	1	4	4	4	3	4	2	3	3	3	3	3	3	2	1	1	2	3	3	3	3
409	1	1	65	4	1	0	1	1	1	0	0	0	1	0	3	1	1	1	0	1	0	4	4	3	2	4	2	2	2	2	2	3	3	4	2	2	3	4	2	2	4	4	3	3	2	2	3	3	3	2	2	2	4	3	2	2	2	3	3	2	3	3	3	3	3	3	3	3	3	2	2	3	3	3	2	3	3	3	3	3	3
410	1	1	65	4	1	0	1	1	1	0	0	0	1	0	4	2	3	1	1	1	1	3	3	3	3	3	3	3	3	3	3	5	5	5	4	4	3	3	3	3	3	3	3	3	3	3	5	5	5	4	4	1	5	1	2	1	1	5	5	5	5	1	1	1	1	1	5	1	5	5	5	5	5	1	5	1	5	5	5	5	5
411	1	1	65	4	1	0	1	1	1	0	0	0	1	0	4	3	4	1	0	1	0	5	3	4	3	4	2	4	2	1	1	5	4	3	4	5	2	3	3	2	4	3	3	2	3	2	3	4	3	3	3	1	3	5	1	1	3	5	5	4	5	2	1	1	3	2	5	3	3	3	3	3	3	2	3	3	3	3	3	3	3
412	1	1	66	4	1	0	1	1	1	0	0	0	1	0	4	2	2	1	0	0	0	4	4	4	4	4	1	3	1	3	3	4	4	4	3	4	3	3	3	3	3	3	3	3	3	3	1	1	1	3	1	3	4	3	3	3	3	4	4	3	3	2	1	1	3	1	3	3	3	3	3	3	3	3	3	3	4	4	4	3	4
413	1	1	66	4	1	0	1	1	1	0	1	0	1	1	-999	2	3	1	0	1	0	5	5	5	4	4	1	1	2	1	2	4	4	5	3	5	2	1	2	2	4	4	3	1	3	2	4	3	5	3	1	5	5	4	3	5	1	2	3	2	1	4	4	4	1	4	3	2	2	3	2	3	3	3	3	1	4	4	4	1	3
414	1	1	66	4	1	0	1	1	1	0	0	0	1	0	5	3	3	1	0	1	0	4	5	4	4	4	1	1	1	1	1	5	4	5	3	5	1	2	3	3	3	3	3	3	3	1	3	3	3	3	3	1	3	1	1	1	3	4	3	1	2	1	1	1	1	1	5	3	5	5	3	1	1	1	1	1	5	5	5	5	5
415	1	1	66	4	1	0	1	0	0	0	0	0	0	0	-999	3	4	1	0	1	0	3	3	3	3	3	1	2	3	3	1	3	3	3	2	3	3	1	3	3	3	1	2	3	3	2	3	3	3	2	3	1	2	1	1	2	2	4	4	3	3	2	1	1	3	1	4	3	4	4	3	3	2	2	3	3	2	4	4	3	4
416	1	1	66	4	1	0	1	1	1	0	0	0	1	0	-999	2	3	0	0	1	0	3	4	3	3	4	2	3	1	1	1	3	4	4	3	3	4	4	3	3	4	2	4	1	1	1	4	4	4	3	4	1	2	1	1	3	3	5	4	3	4	1	1	1	2	1	5	4	4	5	5	1	1	1	1	1	5	5	5	5	5
417	1	1	66	4	1	0	1	1	1	0	0	0	1	0	5	2	2	1	1	0	0	3	3	3	3	3	3	3	3	3	3	3	3	3	3	3	3	3	3	3	3	3	3	3	3	3	3	3	3	3	3	4	3	3	3	3	2	3	3	3	3	4	3	3	3	3	4	3	3	3	3	2	3	3	3	3	3	3	3	3	3
418	1	1	66	4	1	0	1	1	1	0	0	0	1	0	4	2	2	1	0	0	0	4	4	4	3	3	3	2	3	3	3	3	4	4	3	4	3	3	3	3	3	3	3	3	3	3	3	3	3	3	3	2	2	2	3	2	2	4	3	3	4	2	4	2	2	2	4	4	4	3	4	4	2	3	3	2	4	2	4	4	4
419	2	1	66	4	1	0	1	1	1	0	1	0	1	1	5	1	2	1	0	1	0	3	4	2	4	3	2	2	2	3	2	3	3	4	4	3	3	3	2	3	4	2	2	2	2	2	3	4	3	3	4	1	5	2	2	2	5	5	4	4	4	2	1	1	1	1	4	3	3	3	4	2	2	2	2	2	4	4	5	4	5
420	1	1	67	4	1	0	1	0	0	0	0	0	0	0	3	3	3	1	0	1	0	4	2	3	3	4	2	1	1	1	1	4	4	5	4	5	2	4	1	2	2	4	4	4	4	4	2	2	1	2	2	4	4	3	3	3	2	3	3	1	2	4	4	4	3	3	2	4	3	3	3	3	3	3	3	2	4	4	4	3	3
421	1	1	67	4	1	0	1	1	1	0	0	0	1	0	5	3	4	1	0	1	0	3	4	3	4	4	3	3	3	2	3	4	4	5	4	5	3	3	3	3	4	3	3	3	3	3	4	4	4	4	4	2	4	3	3	4	4	3	4	4	3	5	4	4	3	4	4	3	3	3	4	3	3	3	3	3	4	4	4	3	4
422	1	1	68	4	1	0	1	1	1	0	0	0	1	0	5	3	2	1	0	1	0	5	5	4	4	5	2	1	2	1	2	4	5	5	5	5	3	3	3	3	4	3	3	2	2	2	4	4	3	5	3	2	4	3	3	4	3	4	4	3	2	2	4	4	3	4	4	3	3	3	5	3	3	2	3	2	3	4	4	5	4
423	1	1	69	4	1	0	1	1	1	0	0	0	1	0	-999	3	4	1	1	1	0	3	3	3	3	2	1	3	2	2	1	3	3	3	3	3	2	3	3	2	2	2	3	2	2	1	2	2	3	2	2	1	2	2	2	2	2	2	2	2	1	1	1	1	1	1	3	3	2	2	3	2	1	1	2	1	3	3	3	3	3
424	1	1	69	4	1	0	1	1	1	0	1	0	1	1	4	3	3	1	0	1	0	4	4	4	4	4	3	4	3	3	3	4	4	4	3	4	3	3	3	3	3	4	3	3	3	3	3	3	3	3	3	4	4	4	4	4	3	4	3	3	3	4	3	4	3	4	3	3	3	3	3	3	3	3	3	3	3	3	3	3	3
425	1	1	70	4	1	0	1	1	1	0	0	0	1	0	-999	2	3	1	0	1	0	5	5	5	5	3	5	3	3	3	5	5	5	5	4	5	3	3	3	3	3	1	3	3	3	2	3	2	3	3	3	4	3	4	3	3	4	4	3	3	3	4	3	3	3	3	4	3	4	3	3	4	4	3	3	3	4	3	3	3	3
426	1	1	71	4	1	0	1	0	0	0	0	0	0	0	5	2	4	1	0	1	0	4	4	3	3	4	2	2	2	3	3	4	4	4	4	4	1	4	1	1	1	4	4	4	4	4	2	1	2	2	2	3	4	1	3	4	2	1	2	2	2	3	3	3	4	4	2	4	3	3	3	3	3	4	4	3	2	2	2	3	2
427	1	1	71	4	1	0	1	1	1	0	0	0	1	0	-999	3	4	1	0	1	0	3	4	3	2	3	1	2	2	2	2	4	4	4	3	4	2	3	3	2	3	3	2	2	2	2	2	2	2	3	2	2	4	2	2	2	2	2	2	2	2	2	2	2	2	2	2	3	3	2	2	2	3	2	2	2	3	4	4	3	4
428	1	1	71	4	1	0	1	1	1	0	1	0	1	1	6	3	4	1	1	1	1	5	3	1	1	5	1	1	3	3	1	4	5	5	3	5	3	5	3	3	3	3	3	3	5	4	4	3	3	3	3	2	4	2	2	5	2	3	2	2	2	2	3	4	2	1	5	3	4	2	5	2	2	2	3	2	5	4	5	5	5
429	1	1	71	4	1	0	1	1	1	0	0	0	1	0	4	2	3	1	0	1	0	4	2	4	5	5	1	4	1	1	1	4	5	5	3	5	2	1	3	3	3	3	3	3	3	1	3	4	3	3	3	2	5	2	2	2	1	4	3	3	3	2	2	2	2	2	4	3	3	3	3	1	3	2	3	3	3	3	3	4	4
430	1	1	72	4	1	0	1	1	1	0	0	0	1	0	5	3	3	1	1	0	0	4	5	3	4	4	2	2	2	2	2	4	4	4	4	4	2	2	3	2	2	3	4	2	2	2	2	2	2	2	2	2	4	3	2	2	3	4	3	3	3	2	2	2	2	2	4	2	3	4	4	3	2	3	3	3	4	4	4	4	4
431	1	1	72	4	1	0	1	1	1	0	0	0	1	0	5	3	3	1	0	1	0	4	3	3	3	3	2	1	1	1	1	3	3	3	3	3	1	2	1	1	1	1	3	3	3	3	1	1	1	1	1	2	3	2	2	3	3	3	3	2	3	3	2	4	2	3	3	2	3	2	2	2	2	3	3	3	3	3	3	4	4
432	2	1	72	4	1	0	1	1	1	0	1	0	1	1	5	2	2	1	0	0	0	3	3	3	3	3	4	3	3	3	3	4	3	3	3	3	3	3	3	3	3	3	3	3	3	3	3	3	3	3	3	3	4	3	3	3	4	3	3	3	3	2	2	2	3	2	3	3	3	3	3	3	3	3	3	3	4	4	4	3	4
433	1	1	73	4	1	0	1	1	1	0	0	0	1	0	4	3	3	1	1	1	0	4	4	3	4	4	3	1	1	1	1	4	4	4	4	4	1	1	3	2	3	3	1	1	1	1	1	2	2	2	1	2	4	3	2	2	4	4	4	4	4	2	2	2	2	1	4	2	4	4	4	1	2	2	2	2	4	4	4	4	4
434	1	1	73	4	1	0	1	1	1	0	0	0	1	0	3	3	4	1	0	1	0	5	3	5	5	3	3	3	3	3	2	5	5	5	4	5	3	3	3	3	3	4	4	3	3	2	4	4	4	3	4	3	5	2	1	1	5	5	5	5	5	1	1	1	1	1	5	4	5	5	5	4	1	2	1	1	5	5	5	5	5
435	1	1	73	4	1	0	1	1	1	0	1	0	1	1	5	3	2	1	0	1	0	3	4	2	2	2	1	3	2	2	2	5	3	4	3	4	3	2	2	2	2	1	3	2	2	2	3	3	3	3	2	2	2	2	2	2	2	2	2	2	2	4	4	4	2	3	2	2	2	2	2	2	2	2	2	2	5	5	5	2	4
436	1	1	74	4	1	0	1	1	1	0	0	0	1	0	-999	1	4	1	0	1	0	4	4	2	3	3	2	1	2	2	3	4	4	4	3	4	3	2	2	2	3	3	4	2	2	3	3	2	2	2	2	4	4	1	4	4	2	1	1	1	3	3	4	4	2	4	3	2	1	2	2	2	1	2	1	3	3	2	3	2	3
437	1	1	74	4	1	0	1	1	1	0	1	0	1	1	-999	1	2	1	0	1	0	4	3	3	4	3	2	1	1	1	1	5	4	5	4	5	2	3	3	2	3	4	3	2	2	2	2	2	2	3	2	4	3	3	3	3	1	2	1	1	1	4	4	4	3	4	3	3	3	3	3	3	2	1	2	1	3	4	4	3	2
438	1	1	77	4	1	0	1	1	1	0	0	0	1	0	-999	3	3	1	0	0	0	4	4	4	5	4	4	4	3	3	5	4	4	4	5	4	3	2	2	3	3	2	3	3	3	2	3	3	3	2	1	4	3	4	5	4	3	4	4	3	3	3	3	3	3	3	4	3	4	4	4	3	4	4	3	3	3	3	3	3	3
439	1	1	78	4	1	0	1	1	1	0	0	0	1	0	5	3	2	1	0	1	0	4	4	4	4	4	4	3	3	3	3	4	4	4	4	4	3	3	3	3	3	3	3	3	3	3	3	3	3	3	3	5	4	4	4	4	3	3	3	3	3	4	4	4	4	4	4	3	3	3	3	3	3	3	3	3	3	3	3	3	3
440	1	1	79	4	1	0	1	1	1	0	0	0	1	0	-999	2	4	0	0	1	0	4	4	3	4	4	2	2	3	2	2	4	4	4	4	4	3	3	3	3	3	3	3	2	3	1	3	3	3	3	3	4	4	4	3	4	2	4	3	2	3	3	4	4	4	4	3	3	3	3	3	3	3	3	2	3	3	3	3	3	3
441	1	1	81	4	1	0	1	1	1	0	0	0	1	0	4	3	4	1	0	1	0	4	4	3	1	3	2	3	2	1	2	4	4	4	3	4	2	3	3	1	3	4	3	1	1	2	1	2	2	3	5	4	3	3	2	3	2	2	3	1	3	4	3	4	3	4	3	3	3	2	3	2	3	3	1	3	3	3	3	3	2
442	3	1	30	2	2	-999	-999	1	0	0	0	1	0	1	-999	3	4	0	1	0	0	3	3	3	3	3	3	3	3	3	3	3	3	3	4	3	3	3	3	3	3	3	3	3	3	3	3	3	3	4	3	3	3	3	3	3	3	3	3	3	3	3	3	3	3	3	3	2	3	3	3	3	3	3	3	3	3	3	3	3	3
443	1	1	42	2	2	-999	-999	1	1	0	1	0	1	1	2	3	3	1	1	1	0	4	3	3	4	5	1	1	2	1	1	4	4	4	4	5	1	5	2	1	2	4	4	5	5	4	1	1	1	1	1	1	4	1	1	1	4	5	4	4	5	1	1	1	1	1	4	3	5	3	4	2	1	2	2	1	5	4	4	3	4
444	3	1	46	3	2	-999	-999	1	1	0	1	1	1	1	-999	1	2	1	0	0	1	3	3	3	3	4	3	3	3	3	2	2	4	4	4	4	2	2	2	2	3	2	1	2	2	4	3	3	3	4	4	3	4	3	4	4	4	3	4	4	4	3	2	3	2	3	3	3	3	4	4	3	2	4	3	3	4	4	2	4	4
445	1	1	57	3	1	-999	-999	1	0	1	0	0	1	0	5	3	3	1	0	1	0	4	2	3	2	3	2	2	2	1	2	4	4	4	3	4	3	3	3	3	3	3	3	2	2	2	4	4	4	3	3	1	4	2	1	2	2	4	4	3	4	2	2	2	1	1	4	3	3	4	4	3	3	2	3	3	5	4	4	4	4
446	1	1	64	3	1	-999	-999	1	1	0	0	0	1	0	-999	3	4	1	0	1	0	5	5	5	5	5	1	1	1	5	1	5	5	5	5	5	1	1	1	1	1	5	5	5	1	5	1	1	1	1	1	2	5	2	1	1	4	5	5	5	5	1	1	1	1	1	5	1	5	5	5	1	1	1	1	1	5	5	5	5	5
447	2	1	19	1	2	0	0	1	0	0	1	0	0	1	-999	3	2	1	1	1	1	4	5	4	4	5	2	2	4	1	1	5	4	5	3	5	4	4	4	4	5	2	2	4	1	1	5	4	5	3	5	3	5	3	3	5	1	1	3	1	1	5	5	5	3	3	3	4	3	3	5	1	1	3	1	1	5	5	5	3	3
448	1	1	24	1	2	0	0	0	0	0	0	0	0	0	5	2	2	0	1	1	1	3	3	1	1	1	3	1	1	1	1	3	3	3	3	3	3	3	1	1	1	5	1	1	4	1	3	3	3	3	3	3	4	1	1	1	3	1	1	1	1	3	3	3	3	3	3	3	1	1	1	3	1	1	1	1	3	3	3	3	3
449	2	1	25	2	2	0	0	1	1	0	1	0	1	1	3	3	3	1	1	1	1	2	4	3	3	4	1	1	3	2	1	3	4	4	3	4	3	3	3	3	4	1	1	2	2	1	3	4	4	3	4	3	4	2	3	4	4	1	3	3	1	4	4	4	3	3	3	4	2	3	4	2	1	3	3	1	4	4	4	4	4
450	1	1	27	2	2	0	0	0	0	0	0	0	0	0	4	2	2	1	0	1	0	3	4	3	3	3	3	3	3	3	3	3	4	4	3	3	3	3	3	3	3	3	3	3	3	3	3	4	4	3	3	3	4	3	3	3	3	4	3	3	4	1	2	2	3	1	3	3	3	3	3	3	3	3	3	3	5	5	5	3	5
451	2	1	31	2	2	0	0	1	0	0	1	0	0	1	4	3	1	1	0	1	0	4	4	4	4	3	3	2	3	2	3	4	4	4	1	3	3	3	3	3	3	3	2	2	3	2	3	3	3	1	3	3	5	3	3	3	4	3	4	3	4	2	2	2	1	2	3	3	3	3	3	3	3	3	3	3	3	3	3	1	3
452	3	1	32	2	2	0	0	1	1	0	1	1	1	1	5	2	1	1	0	1	0	3	4	3	3	3	3	1	3	3	3	3	3	3	4	4	3	4	3	3	3	3	1	3	3	3	3	3	3	4	4	2	5	3	3	2	5	4	5	4	5	1	2	1	3	2	4	5	3	3	4	1	1	2	1	1	5	4	4	3	4
453	2	1	33	2	2	0	0	1	0	0	1	0	0	1	6	3	2	1	0	1	0	3	2	2	2	2	4	3	3	3	2	3	2	3	2	3	3	4	4	4	2	2	2	2	2	2	3	4	3	2	3	2	2	3	3	3	3	3	3	3	3	3	3	3	3	3	4	4	3	3	3	3	3	3	3	3	3	3	3	3	3
454	3	1	33	2	2	0	0	1	0	0	1	1	0	1	5	3	2	1	1	0	1	3	4	3	1	1	1	1	1	1	1	4	3	3	1	3	3	1	3	1	1	1	1	1	1	1	3	3	3	1	3	4	4	3	1	1	1	1	1	1	1	3	3	3	3	4	3	3	3	1	1	1	1	1	1	1	3	3	3	3	3
455	1	1	34	2	2	0	0	0	0	0	0	0	0	0	4	3	2	1	0	1	0	4	4	3	3	3	1	1	2	2	2	5	4	4	4	4	2	2	2	3	2	3	2	2	3	2	2	3	3	2	3	2	4	2	2	2	3	5	4	2	4	3	3	4	3	4	3	2	2	2	3	2	2	1	2	2	4	4	2	3	2
456	2	1	35	2	2	0	0	1	0	0	1	0	0	1	6	2	1	1	0	1	0	4	2	4	4	4	3	2	1	1	1	4	2	4	1	3	2	5	3	3	3	4	3	2	3	3	4	3	3	1	3	4	1	3	4	2	4	1	4	1	4	4	4	3	2	1	3	3	2	3	4	1	4	2	2	1	4	2	4	3	5
457	3	1	36	2	2	0	0	1	0	0	1	1	0	1	-999	3	3	1	1	1	1	4	5	3	3	3	4	3	3	1	2	4	4	3	3	3	3	1	3	3	3	3	3	3	1	2	4	4	3	3	3	1	5	3	3	3	1	3	3	3	3	3	3	3	3	3	5	5	3	3	3	5	3	3	3	3	3	3	3	3	3
458	2	1	39	2	2	0	0	1	1	0	1	0	1	1	4	2	1	1	0	0	0	2	5	3	2	3	5	3	4	5	4	3	2	2	2	2	4	5	3	3	3	3	3	3	3	3	3	2	2	2	4	3	4	2	2	2	4	4	4	4	4	2	2	2	2	2	3	3	3	3	3	3	3	3	3	3	3	3	3	3	4
459	2	1	39	2	2	0	0	1	0	0	1	1	0	1	4	3	2	1	0	1	0	3	3	4	2	3	1	1	2	1	1	3	3	3	3	4	3	2	3	2	3	1	1	1	1	1	3	3	3	3	2	2	5	3	3	1	5	4	5	4	4	1	1	1	2	1	3	3	3	3	3	2	3	3	3	3	3	3	3	3	4
460	2	1	42	2	2	0	0	1	1	0	1	0	1	1	6	2	3	1	0	0	1	4	4	3	2	3	1	1	1	1	1	4	3	4	3	4	3	4	3	2	3	1	1	1	1	1	2	3	3	3	2	3	4	3	2	3	4	2	4	2	2	4	3	4	3	4	3	3	3	2	3	2	3	3	2	2	4	4	4	3	4
461	3	1	43	2	2	0	0	1	1	1	0	1	1	1	5	1	1	1	0	1	0	3	4	3	3	3	1	1	1	1	1	4	4	4	3	4	3	4	3	3	3	1	1	1	1	1	4	4	4	3	4	3	4	3	3	3	1	1	1	2	2	4	4	4	4	4	3	4	3	3	3	1	1	1	1	1	5	5	5	4	5
462	2	1	44	2	2	0	0	1	1	0	1	0	1	1	-999	2	2	1	1	1	0	3	4	3	2	3	3	3	2	2	2	3	3	3	3	3	3	3	3	2	3	3	3	2	2	2	3	3	3	3	3	2	4	3	3	3	4	3	3	3	3	2	2	3	3	2	3	2	2	2	4	2	2	2	2	2	4	4	4	3	4
463	2	1	45	3	2	0	0	1	1	0	1	0	1	1	5	3	2	1	1	1	1	5	3	3	3	3	1	3	3	3	3	5	5	5	3	3	1	3	3	3	3	1	3	3	3	3	5	5	5	3	3	1	5	1	1	1	5	5	5	5	5	1	1	1	1	1	5	1	5	5	5	1	1	1	2	1	5	5	5	5	5
464	2	1	46	3	2	0	0	1	0	0	1	0	0	1	4	3	2	1	1	1	1	3	3	3	3	3	3	3	2	1	1	3	3	3	3	3	5	3	3	3	3	3	3	2	1	1	3	3	3	3	3	3	3	3	3	3	3	3	3	3	3	3	3	3	3	3	3	3	3	3	3	3	3	3	3	3	3	3	3	3	3
465	1	1	48	3	2	0	0	1	1	0	1	0	1	1	4	3	4	1	0	1	0	4	4	3	3	4	2	3	2	2	2	4	4	4	3	3	3	3	3	3	4	2	3	2	2	2	4	3	4	3	3	3	4	3	3	4	2	3	2	2	2	3	3	3	3	3	3	3	3	3	4	2	3	2	2	2	4	4	3	3	4
466	2	1	48	3	2	0	0	1	0	0	1	0	0	1	4	2	1	1	1	1	0	5	3	3	4	3	1	1	1	1	1	5	4	5	4	4	1	3	1	2	3	5	5	5	5	5	1	2	1	1	1	4	4	3	4	2	3	1	2	1	1	2	4	4	4	4	2	4	3	2	2	3	4	2	4	4	3	4	4	3	4
467	2	1	48	3	2	0	0	1	0	0	1	0	0	1	5	3	3	1	1	1	0	2	2	2	2	3	2	2	2	2	2	4	2	2	2	4	3	3	2	2	3	2	2	3	4	4	2	2	3	2	2	2	4	2	2	2	3	2	4	4	4	2	2	2	2	2	2	4	2	2	4	2	2	2	2	2	4	3	4	4	4
468	2	1	50	3	2	0	0	1	1	0	1	0	1	1	-999	2	1	1	1	1	0	4	4	4	4	4	3	2	2	2	2	3	3	4	3	4	4	4	3	3	4	4	2	2	3	2	2	3	4	3	3	2	5	2	3	4	4	3	3	3	3	2	2	2	3	2	4	4	3	4	4	3	2	2	2	2	4	4	4	3	4
469	2	1	50	3	2	0	0	1	1	0	1	0	1	1	5	3	2	1	1	1	1	4	4	3	3	4	2	1	2	2	2	3	4	4	3	4	3	3	3	3	4	2	1	2	2	2	3	4	4	3	3	4	4	3	3	4	4	4	4	3	2	2	2	3	2	2	4	4	3	3	4	2	2	2	5	5	4	4	4	4	4
470	3	1	52	3	2	0	0	1	1	0	0	1	1	1	6	2	4	1	1	1	0	4	4	4	4	4	1	1	1	1	1	4	4	4	4	4	1	4	1	1	1	1	1	1	1	1	1	1	1	1	1	4	4	4	4	4	1	1	1	1	1	4	4	4	4	4	1	4	1	1	1	1	4	1	1	1	1	1	1	1	1
471	1	1	53	3	2	0	0	1	1	0	0	0	1	0	5	1	1	1	1	1	1	3	3	3	3	3	3	3	4	3	3	3	2	3	3	4	3	3	3	3	3	3	3	2	3	3	3	3	3	3	3	1	5	1	2	3	3	5	5	3	5	1	1	1	3	1	4	3	3	3	3	3	3	3	3	3	4	4	4	3	3
472	2	1	53	3	2	0	0	1	1	0	1	0	1	1	4	3	3	1	0	1	0	3	2	3	3	3	2	3	3	3	3	2	2	2	3	3	3	1	3	3	3	1	3	3	3	3	3	3	2	3	3	3	3	3	3	3	3	3	3	3	3	3	3	3	3	3	3	3	3	3	3	3	3	3	3	3	3	3	3	4	3
473	2	1	56	3	2	0	0	1	1	0	1	0	1	1	5	3	3	1	1	1	1	3	3	3	3	3	2	2	2	2	2	1	1	1	3	3	3	3	3	3	3	2	2	2	2	2	1	1	1	3	3	3	1	2	3	3	3	2	1	3	3	1	1	1	3	3	3	3	2	3	3	3	2	2	3	3	1	1	1	3	3
474	1	1	57	3	2	0	0	1	1	0	0	0	1	0	5	3	2	1	0	0	0	3	3	3	1	1	3	3	2	1	1	3	3	3	3	3	3	3	3	1	1	3	3	2	1	1	3	3	3	3	3	3	3	3	2	3	1	3	2	1	1	3	3	3	3	3	3	3	3	2	3	1	3	2	1	1	3	3	3	3	3
475	1	1	58	3	2	0	0	1	1	0	0	0	1	0	5	3	3	1	1	1	0	5	4	4	4	4	2	2	3	2	2	4	4	5	4	5	2	2	3	2	2	4	4	4	3	2	2	3	2	2	2	4	4	4	4	4	2	2	2	1	1	4	4	4	4	4	2	4	3	3	4	2	2	3	2	3	3	4	3	4	3
476	2	1	58	3	2	0	0	1	1	0	1	0	1	1	5	3	3	1	0	1	0	5	5	5	5	5	1	1	1	1	1	5	5	5	5	5	5	5	5	5	5	1	1	1	1	1	5	5	5	5	5	5	5	5	5	5	1	1	1	1	1	5	5	5	5	5	5	5	5	5	5	1	1	1	1	1	5	5	5	5	5
477	1	1	59	3	2	0	0	1	1	0	0	0	1	0	4	3	4	1	1	1	0	4	5	4	4	4	3	3	3	4	3	4	3	4	4	4	2	3	3	2	2	4	3	3	2	3	2	3	2	2	2	2	5	2	2	3	4	4	4	4	4	2	2	2	2	2	2	3	3	3	3	3	3	3	3	3	4	4	4	5	5
478	1	1	61	3	2	0	0	1	1	0	0	0	1	0	6	3	3	1	0	1	0	4	4	4	4	3	2	2	2	1	1	4	4	4	4	5	3	3	3	3	3	2	2	2	1	2	2	2	2	2	2	4	4	4	4	3	2	1	1	1	1	5	4	5	4	4	2	2	3	3	3	2	2	2	2	2	2	2	2	3	2
479	2	1	61	3	2	0	0	1	1	0	1	0	1	1	-999	3	4	1	0	1	0	4	4	3	3	3	2	3	3	3	3	3	3	4	3	3	4	4	3	3	3	2	3	3	3	3	3	3	4	3	3	3	4	3	3	3	3	2	3	3	3	3	3	4	3	3	3	4	3	3	3	3	2	3	3	3	3	3	4	3	3
480	2	1	62	3	2	0	0	1	1	1	1	0	1	1	6	3	4	1	1	1	0	4	4	2	3	3	3	2	3	3	3	4	3	4	3	4	3	3	3	3	3	3	3	3	3	3	2	3	3	3	2	3	4	3	3	3	4	3	4	3	3	4	2	3	3	3	3	3	3	3	3	3	3	3	3	3	3	3	3	3	3
481	1	1	64	3	2	0	0	1	1	1	1	0	1	1	6	3	2	1	0	1	1	3	4	1	1	1	1	1	1	1	1	4	4	4	3	5	3	3	1	1	1	1	1	1	1	1	2	3	3	3	3	2	4	1	1	1	1	4	2	1	1	1	1	1	3	1	4	2	1	1	1	1	1	2	1	1	5	5	5	3	5
482	1	1	64	3	2	0	0	1	1	0	0	0	1	0	6	3	2	1	0	0	1	5	5	1	5	5	1	1	1	1	1	5	5	5	5	5	1	1	5	1	1	5	5	5	5	5	1	1	1	1	1	2	4	2	2	3	2	2	4	2	4	2	2	2	2	2	4	4	4	4	3	4	4	2	2	2	4	4	4	4	4
483	1	1	65	4	2	0	0	1	1	1	1	0	1	1	6	3	2	0	0	1	0	4	5	4	3	3	2	1	1	2	2	4	4	4	3	4	5	3	3	3	3	4	1	1	3	2	3	4	4	3	2	1	4	2	2	2	3	4	5	3	4	2	1	3	3	1	4	3	3	3	4	3	1	1	3	3	4	5	4	3	5
484	1	1	65	4	2	0	0	1	1	0	0	0	1	0	5	2	3	1	0	0	0	4	4	3	4	4	2	2	3	2	3	4	4	4	4	4	3	3	2	3	3	4	3	2	3	2	3	3	3	3	3	3	4	3	4	4	3	3	2	2	2	4	3	4	4	4	4	3	4	3	3	4	4	3	3	3	3	4	3	3	3
485	1	1	26	2	1	0	0	0	0	0	0	0	0	0	4	3	1	1	0	0	0	1	3	3	2	3	2	3	2	2	1	4	2	4	3	4	1	3	3	2	3	1	3	2	2	1	2	4	3	3	2	2	4	2	2	3	1	2	1	2	1	3	4	4	4	4	2	4	2	2	3	2	2	2	2	1	4	5	5	3	3
486	1	1	27	2	1	0	0	0	0	0	0	0	0	0	3	2	2	1	0	1	0	3	3	3	3	3	2	3	3	3	3	3	3	3	3	3	3	3	3	3	3	3	3	3	3	3	3	3	3	3	3	4	2	3	3	4	2	1	2	3	1	3	3	3	3	3	4	2	3	3	4	2	1	2	3	1	3	3	3	3	3
487	1	1	28	2	1	0	0	0	0	0	0	0	0	0	-999	3	2	1	0	1	0	4	2	3	3	3	2	2	2	2	3	4	4	4	4	4	3	4	3	3	2	3	4	4	4	4	3	2	2	2	2	2	2	2	2	4	2	3	2	2	3	3	3	3	3	3	4	3	3	3	3	3	3	3	3	3	4	4	4	4	4
488	1	1	29	2	1	0	0	1	1	1	1	0	1	1	3	2	3	1	0	1	0	5	5	5	5	3	1	1	1	1	1	5	5	5	5	5	3	5	5	3	3	5	5	5	5	5	1	1	1	3	1	5	2	5	5	1	1	1	1	1	1	5	5	5	5	5	3	4	4	5	1	1	1	1	1	1	3	5	3	4	4
489	2	1	29	2	1	0	0	0	0	0	0	0	0	0	3	3	2	1	0	1	0	4	4	4	3	4	1	1	1	1	1	4	4	4	1	3	4	4	4	3	4	1	1	1	1	1	4	4	4	1	3	4	4	4	4	4	1	1	1	1	1	4	3	4	1	3	4	4	4	4	4	1	1	1	1	1	4	3	4	1	3
490	2	1	30	2	1	0	0	1	0	0	1	0	0	1	4	3	2	1	1	1	1	3	4	3	3	4	1	1	2	1	1	4	4	4	3	3	3	4	3	3	4	1	1	2	1	1	4	4	4	3	3	1	5	3	1	2	4	4	4	1	3	4	2	2	1	1	3	4	3	3	4	1	1	1	1	1	2	4	4	3	4
491	1	1	32	2	1	0	0	1	0	1	0	0	1	0	3	2	2	0	0	1	0	3	3	2	3	3	2	2	2	2	3	4	3	3	3	4	3	4	2	3	3	4	2	3	2	3	4	3	3	3	3	2	4	2	2	2	2	2	2	2	3	2	4	4	2	3	2	3	2	2	2	2	2	2	2	3	4	4	4	2	3
492	1	1	33	2	1	0	0	1	1	0	0	1	1	1	3	3	2	1	0	1	0	4	3	3	3	3	4	2	4	3	2	3	3	3	2	2	4	3	2	3	3	4	2	3	3	2	3	2	3	3	2	2	4	2	5	1	4	4	5	4	4	1	1	1	1	1	4	3	3	3	4	2	2	1	2	2	4	4	4	5	5
493	1	1	34	2	1	0	0	1	0	1	1	1	1	1	-999	3	1	1	1	1	1	3	3	3	5	3	1	1	2	1	1	5	3	3	3	5	3	3	3	5	3	1	1	2	1	1	3	3	3	3	5	5	4	3	3	3	1	1	1	1	1	4	4	4	3	4	3	4	3	3	3	1	1	1	1	1	3	4	4	3	4
494	1	1	34	2	1	0	0	1	0	1	0	0	1	0	5	2	2	0	0	1	0	3	3	4	3	4	2	1	2	1	2	4	4	4	3	3	3	3	4	3	4	2	1	2	1	2	4	3	4	3	3	2	3	3	2	2	1	4	2	2	2	2	2	3	3	2	2	3	3	2	2	2	2	2	2	2	4	4	4	3	4
495	1	1	37	2	1	0	0	0	0	0	0	0	0	0	2	3	2	1	1	1	1	3	4	3	3	3	3	1	2	2	2	4	4	4	4	4	3	4	3	3	3	2	1	2	2	2	3	4	3	3	3	3	4	3	3	3	2	2	2	2	2	3	3	3	3	3	3	4	3	3	3	2	2	2	2	2	3	3	3	3	3
496	2	1	41	2	1	0	0	1	1	1	1	0	1	1	5	1	2	1	0	1	0	4	4	3	4	3	3	2	3	2	2	4	3	3	3	2	3	4	3	3	3	3	2	3	2	2	2	3	3	3	2	4	4	4	3	2	2	3	3	4	2	3	3	3	3	2	3	4	3	3	3	2	3	3	3	2	3	3	3	3	2
497	1	1	44	2	1	0	0	1	1	0	0	0	1	0	-999	3	2	1	0	1	0	5	5	4	4	4	2	1	3	3	4	4	4	4	4	5	2	2	3	2	3	4	4	3	3	3	3	4	4	3	4	3	3	3	3	3	3	3	3	3	3	4	3	3	3	3	3	3	3	3	3	3	3	3	3	3	4	3	3	3	3
498	1	1	45	3	1	0	0	1	1	0	0	0	1	0	-999	3	2	1	0	1	0	5	2	5	5	5	1	1	1	1	1	4	5	5	5	5	5	2	5	3	5	1	1	1	3	1	3	5	5	5	3	3	5	2	1	3	1	1	2	2	1	4	4	4	4	4	3	5	3	1	3	4	1	4	3	2	3	3	3	3	3
499	2	1	47	3	1	0	0	1	1	0	1	0	1	1	3	2	2	1	1	1	1	4	5	3	3	4	2	3	4	2	4	4	3	4	2	3	3	3	3	3	4	4	2	1	2	2	2	3	4	2	3	4	5	3	3	3	2	2	4	3	2	2	4	4	2	3	4	4	3	3	4	2	2	2	3	2	2	4	4	2	4
500	2	1	52	3	1	0	0	1	0	0	1	0	0	1	5	3	2	1	1	1	1	4	5	4	4	4	4	2	3	2	2	4	4	4	4	4	2	4	2	2	4	4	4	4	4	4	2	2	2	2	2	3	5	3	3	4	4	3	5	4	4	3	3	3	2	2	3	4	4	3	4	2	2	2	3	2	4	4	4	4	4
501	1	1	53	3	1	0	0	0	0	0	0	0	0	0	-999	3	3	1	0	0	0	5	4	4	3	5	5	3	1	3	1	5	5	5	5	5	1	2	2	1	3	1	2	3	3	1	3	3	1	3	1	5	5	5	5	5	1	1	1	1	1	5	4	5	4	5	1	3	1	3	2	1	1	1	1	1	5	3	5	1	4
502	1	1	54	3	1	0	0	1	0	0	1	0	0	1	3	3	2	1	1	1	0	4	4	3	2	4	1	1	2	2	1	5	5	5	4	5	1	3	3	2	3	3	2	2	2	3	2	3	1	3	2	1	5	2	3	4	2	4	3	3	4	1	2	1	1	2	3	3	3	3	3	1	3	1	1	2	4	4	4	3	4
503	2	1	57	3	1	0	0	1	0	0	1	0	0	1	3	3	2	1	0	1	0	4	4	4	3	4	2	1	2	2	2	4	3	4	3	3	4	4	4	3	4	2	1	2	2	2	3	3	3	3	4	4	4	3	3	4	2	2	2	1	2	4	3	4	3	4	3	4	3	3	4	3	2	2	1	2	4	3	3	3	4
504	1	1	58	3	1	0	0	1	1	0	1	0	1	1	6	3	2	1	0	1	1	4	3	3	4	3	1	3	3	1	2	4	4	4	3	5	1	3	3	1	3	5	3	4	5	3	2	1	1	4	1	3	4	3	1	3	3	4	3	1	3	2	2	1	1	1	3	3	3	1	3	3	3	3	1	3	3	4	5	3	4
505	1	1	59	3	1	0	0	0	0	0	0	0	0	0	4	3	2	1	1	1	0	4	4	3	3	2	3	3	4	4	4	2	2	3	4	4	3	3	3	3	3	3	3	3	3	3	3	3	3	3	3	2	5	2	4	2	4	4	4	4	5	1	1	1	1	1	3	3	3	3	3	3	3	3	3	3	4	4	3	3	5
506	1	1	59	3	1	0	0	0	0	0	0	0	0	0	4	3	2	1	1	1	0	2	2	2	3	2	3	2	4	3	3	3	3	3	3	3	4	2	2	3	3	3	4	4	3	3	4	3	3	3	3	2	4	3	2	4	2	4	4	4	4	2	2	2	3	2	4	3	3	3	3	4	3	3	3	3	3	3	3	3	4
507	1	1	60	3	1	0	0	0	0	0	0	0	0	0	4	3	4	1	1	1	0	5	4	3	4	4	1	2	2	2	1	3	3	4	4	4	1	3	2	2	2	3	4	4	2	1	1	1	2	2	2	3	3	1	1	3	1	1	1	1	1	4	3	4	3	4	3	1	1	1	3	1	1	1	1	1	3	2	2	3	2
508	1	1	61	3	1	0	0	1	1	0	0	0	1	0	5	3	3	1	0	0	0	5	4	2	4	3	2	5	3	2	2	4	4	5	5	5	2	4	2	1	3	4	5	1	4	1	2	3	2	1	1	2	5	2	1	2	5	3	1	1	1	5	5	4	1	1	4	2	3	1	3	2	3	1	2	2	1	5	4	3	5
509	1	1	63	3	1	0	0	1	1	0	0	0	1	0	4	3	3	1	0	1	0	4	4	3	3	4	2	2	2	2	2	4	4	4	3	5	1	3	3	3	3	4	3	4	4	3	2	2	2	3	1	3	4	3	3	3	2	4	3	3	3	2	2	2	3	2	3	4	3	3	4	2	2	3	3	2	4	4	4	3	4
510	2	1	27	2	2	0	0	1	1	0	1	0	1	1	3	3	1	1	0	1	0	4	4	2	2	3	2	1	2	1	1	3	3	3	1	3	3	3	2	2	3	2	1	2	1	1	3	3	3	1	3	3	4	2	3	3	3	1	4	3	4	2	2	3	3	2	3	2	2	3	4	3	1	2	3	2	4	5	3	3	4
511	1	1	38	2	2	0	0	0	0	0	0	0	0	0	6	3	2	1	0	1	0	2	4	4	4	3	1	1	1	1	1	4	4	4	4	3	3	2	3	2	3	1	1	1	1	1	4	4	4	4	3	4	4	3	4	3	1	1	1	1	1	4	4	4	3	3	3	3	3	2	3	1	1	1	1	1	4	4	4	3	3
512	2	1	45	3	2	0	0	1	1	0	1	0	1	1	2	1	2	1	0	0	0	4	4	3	3	3	3	2	3	3	2	3	3	3	2	3	4	4	3	3	3	3	2	3	3	2	3	3	3	2	3	3	5	3	3	3	4	3	3	3	2	3	3	3	3	3	3	4	3	3	3	3	3	3	3	2	3	3	3	3	3
513	2	1	45	3	2	0	0	1	0	1	1	0	1	1	6	1	1	1	0	1	0	4	4	3	3	3	1	2	3	3	1	4	4	4	4	5	3	4	3	3	3	1	2	1	3	1	4	4	4	4	5	4	4	4	3	3	3	1	3	1	1	4	5	5	3	5	3	4	3	3	3	2	1	2	1	1	4	5	5	3	5
514	2	1	46	3	2	0	0	1	0	0	1	0	0	1	2	3	1	1	1	1	1	5	4	5	5	5	1	1	1	1	1	5	5	5	1	3	5	5	5	5	5	1	1	1	1	1	5	4	4	1	3	2	5	4	3	5	4	1	1	1	1	3	4	5	1	1	2	4	4	3	5	2	1	2	1	1	3	5	5	1	1
515	3	1	46	3	2	0	0	1	0	0	0	1	0	1	-999	3	1	1	1	1	0	5	3	4	4	4	3	1	1	1	1	4	4	3	2	4	3	5	3	4	4	2	1	1	1	1	4	4	3	2	4	3	4	4	4	4	2	2	2	2	1	4	4	4	2	3	3	3	3	3	4	2	2	1	1	1	4	4	4	2	4
516	1	1	47	3	2	0	0	1	1	0	0	0	1	0	-999	3	4	1	1	1	1	4	4	3	4	4	4	1	1	1	1	4	4	4	4	4	3	3	2	3	3	3	2	3	3	3	1	1	1	3	2	4	4	3	4	4	2	1	1	1	1	4	4	4	4	4	2	3	3	3	3	3	3	3	3	3	3	3	2	3	3
517	2	1	48	3	2	0	0	1	1	0	0	0	1	0	3	3	2	1	1	1	1	5	5	4	4	3	2	1	3	1	1	5	4	4	3	3	3	5	3	3	3	1	1	3	1	1	1	2	3	3	3	4	5	2	3	3	3	1	2	2	2	3	3	4	3	3	3	4	2	3	3	3	1	2	2	2	3	3	2	3	3
518	1	1	49	3	2	0	0	1	1	0	0	0	1	0	6	3	2	1	1	1	1	4	5	3	3	4	1	1	1	3	1	4	3	3	3	5	2	3	3	3	4	3	1	1	3	1	3	3	3	3	3	3	5	3	4	4	3	3	5	3	4	1	2	2	3	3	3	2	3	2	4	3	1	1	3	2	5	4	5	3	5
519	3	1	59	3	2	0	0	1	1	1	1	1	1	1	3	3	2	1	1	1	1	5	5	5	5	5	1	1	1	1	1	5	5	5	5	5	1	5	1	1	1	5	5	5	5	5	1	1	1	1	1	5	5	5	5	5	1	2	1	1	1	5	5	5	5	5	1	5	1	1	1	5	5	5	5	5	1	1	1	1	1
520	2	1	30	2	1	0	0	1	0	0	1	0	0	1	2	3	3	1	1	1	1	3	5	3	5	3	1	3	5	1	1	3	5	5	1	3	3	3	3	5	3	1	3	3	1	1	3	5	5	1	3	3	3	3	5	3	1	3	1	1	1	3	3	5	1	3	3	3	3	5	3	1	3	1	1	1	3	3	5	1	3
521	2	1	34	2	1	0	0	1	0	0	1	0	0	1	3	2	2	1	1	0	0	4	4	4	4	5	2	2	2	2	1	4	4	4	3	5	4	4	4	4	5	2	2	2	2	1	4	4	4	3	5	4	4	4	4	4	2	2	2	2	1	4	4	4	3	4	4	2	4	4	4	2	2	2	2	1	4	5	5	4	4
522	1	1	45	3	1	0	0	0	0	0	0	0	0	0	5	3	1	0	0	1	0	3	4	3	4	3	1	1	3	1	1	4	5	5	3	4	3	3	3	3	3	1	1	3	1	1	5	5	5	3	2	3	3	4	3	3	3	2	2	1	1	3	3	4	3	3	3	3	3	3	3	3	1	1	1	1	5	4	5	3	4
523	1	1	47	3	1	0	0	1	0	0	1	0	0	1	3	3	2	1	0	1	0	4	4	3	3	3	1	1	1	1	1	5	3	3	4	4	3	3	3	3	3	3	1	1	1	1	5	5	5	5	5	1	4	1	3	3	1	3	3	1	1	2	2	2	1	3	3	3	1	3	3	1	3	2	1	1	5	5	5	5	4
524	1	1	63	3	1	0	0	1	1	0	0	0	1	0	4	3	4	1	1	1	0	5	5	5	5	5	1	1	1	1	1	5	5	5	5	5	1	1	1	1	1	5	5	5	5	5	1	1	1	1	1	3	4	3	4	3	2	4	3	3	3	3	4	4	3	3	3	5	3	3	4	4	3	3	3	3	3	3	3	4	3
525	1	1	65	4	1	0	0	1	1	0	0	0	1	0	-999	1	4	1	1	1	0	5	5	5	5	5	1	1	1	1	1	5	5	5	5	5	1	1	1	1	1	5	5	5	5	5	1	1	1	1	5	5	5	5	5	5	1	1	1	1	1	5	5	5	4	5	1	1	1	1	1	5	5	5	5	3	1	1	1	3	1
527	2	2	29	2	2	0	0	1	0	1	1	0	1	1	3	2	2	0	1	0	0	4	4	5	4	4	2	1	4	3	2	4	3	3	3	4	2	3	1	2	3	3	4	2	3	4	2	3	3	3	2	3	4	3	3	3	3	3	3	3	3	3	2	3	3	3	3	2	3	3	3	3	3	3	3	3	3	4	3	3	3
530	2	2	58	3	1	0	0	1	1	0	1	0	1	1	5	3	2	1	1	1	1	4	5	4	4	4	1	1	1	1	1	5	5	5	2	5	1	3	2	2	3	3	3	3	2	3	2	3	3	2	1	4	5	2	3	2	5	3	4	4	3	4	3	3	1	4	2	3	2	2	4	3	3	2	2	2	4	4	4	3	3
531	2	2	47	3	2	0	0	1	0	0	1	1	0	1	3	3	2	1	0	1	0	3	4	2	2	5	1	1	3	4	3	5	4	2	1	5	2	2	1	2	5	1	2	3	3	3	5	5	5	1	3	5	5	4	4	4	3	1	4	3	4	5	2	3	1	5	1	1	2	2	1	3	3	2	3	2	3	4	3	4	3
532	2	2	34	2	1	-999	-999	1	0	0	1	0	0	1	-999	2	2	1	1	1	0	4	5	3	3	3	5	3	5	5	4	1	1	2	3	2	3	1	3	3	3	1	3	1	1	4	5	5	5	4	5	2	5	2	1	3	5	3	5	5	5	1	1	1	3	1	5	2	4	5	3	1	1	1	1	1	5	5	5	4	5
533	2	2	37	2	2	0	0	1	1	0	0	0	1	0	5	3	1	1	1	1	1	4	4	4	4	4	3	2	4	3	3	4	4	4	4	4	2	3	3	3	3	3	3	3	3	3	3	3	3	3	3	4	4	3	4	3	3	1	3	1	1	3	3	4	3	3	2	1	3	3	3	1	3	3	1	1	3	3	3	3	3
534	3	2	27	2	1	0	0	1	0	1	0	1	1	1	3	2	2	1	0	1	0	3	4	5	4	4	3	4	3	3	3	4	4	5	4	5	3	3	3	2	4	3	3	4	3	2	3	4	5	4	5	2	4	3	2	2	2	4	4	2	3	2	3	2	2	2	3	4	4	4	4	2	3	2	2	3	4	4	4	4	4
535	1	2	23	1	1	0	0	0	0	0	0	0	0	0	2	3	2	1	1	0	0	3	5	4	4	5	1	1	1	1	1	3	4	4	3	5	3	1	1	1	1	5	5	4	5	5	3	2	1	3	1	5	5	5	5	5	1	1	1	1	1	3	4	4	3	5	1	1	1	1	1	5	5	5	5	5	3	2	2	3	1
540	2	2	21	1	2	1	0	1	0	0	1	0	0	1	3	3	2	1	1	0	0	4	4	4	4	4	2	3	3	3	3	4	4	4	4	5	3	4	2	3	3	3	3	3	2	3	2	2	3	2	4	2	4	4	4	4	3	3	2	3	3	4	5	4	3	4	2	3	3	2	2	3	2	3	4	2	3	2	3	3	2
546	2	2	33	2	2	0	0	1	1	0	1	0	1	1	4	2	3	1	1	1	0	5	4	5	3	3	3	1	3	1	1	5	4	4	5	3	3	4	3	3	3	3	1	3	1	1	3	4	4	3	3	5	4	5	5	4	3	1	2	1	1	5	4	4	1	3	4	5	3	4	4	2	2	1	1	1	5	5	4	1	3
547	3	2	35	2	2	0	0	1	0	0	0	1	0	1	3	3	2	1	1	1	1	4	4	4	4	4	2	2	2	2	2	4	4	4	3	4	3	2	2	2	2	4	4	4	4	4	2	2	2	3	2	4	4	4	4	4	2	2	2	2	2	4	4	4	4	4	2	2	2	3	2	4	4	2	4	4	3	3	2	3	3
549	1	2	38	2	1	0	0	1	1	0	0	0	1	0	2	3	2	1	1	1	1	5	5	4	4	3	1	1	1	3	3	4	4	3	3	4	1	1	3	3	3	5	3	3	3	3	4	4	3	3	2	5	4	4	5	3	2	2	2	2	2	4	4	4	3	4	3	3	3	3	3	3	3	3	3	2	3	3	3	3	3
550	1	2	47	3	1	0	0	1	1	1	0	0	1	0	3	3	2	1	1	1	1	5	3	5	5	5	1	1	1	1	1	5	5	5	5	5	1	4	1	1	1	5	4	4	4	5	1	1	1	1	1	5	5	3	4	5	1	1	1	1	1	5	5	5	3	4	2	1	3	2	5	3	3	3	5	3	3	3	3	3	3
551	1	2	54	3	1	0	0	0	0	0	0	0	0	0	-999	3	2	0	0	1	0	4	4	3	4	4	1	1	2	2	2	4	4	4	3	4	4	4	3	4	4	1	1	2	2	2	4	4	4	3	4	4	4	3	3	4	2	2	2	2	2	4	4	4	3	3	4	4	3	3	4	2	2	2	2	2	4	4	4	3	3
553	1	2	42	2	1	0	0	0	0	0	0	0	0	0	-999	3	1	1	0	1	0	5	3	3	3	3	1	3	3	3	3	4	3	3	3	3	1	4	3	3	3	5	3	3	3	3	2	3	3	3	3	3	3	3	3	3	3	3	3	3	3	3	3	3	3	3	3	3	3	3	3	3	3	3	3	3	3	3	3	3	3
556	2	2	51	3	2	0	0	1	0	1	1	0	1	1	3	1	4	1	1	1	0	4	4	3	4	4	3	4	3	2	1	4	4	4	3	4	3	3	3	2	3	3	4	3	3	1	2	3	3	3	3	4	4	3	4	5	2	2	2	2	2	4	3	4	3	3	3	3	3	3	2	3	3	3	2	2	4	3	3	3	3
557	2	2	19	1	1	0	0	0	0	0	0	0	0	0	3	2	2	0	0	1	1	4	2	4	5	4	1	3	4	2	2	4	4	5	3	5	2	4	2	3	4	3	3	3	3	3	2	2	3	3	2	3	2	2	3	3	2	4	5	4	4	2	4	3	3	3	3	4	3	3	3	2	2	2	3	2	5	5	5	4	5
558	3	2	23	1	1	0	0	1	0	0	0	1	0	1	3	2	1	1	0	1	1	4	5	3	3	4	4	4	2	2	3	4	4	4	4	4	2	3	3	3	2	2	2	4	3	3	2	2	2	2	2	3	4	3	3	4	2	3	4	4	4	4	2	2	2	2	3	2	3	3	2	3	3	2	2	2	2	4	4	4	4
559	1	2	41	2	1	0	0	1	1	0	0	0	1	0	3	3	1	1	1	1	0	3	4	3	2	4	4	2	2	2	2	4	4	4	4	4	2	4	3	2	4	3	2	2	2	2	4	4	4	4	4	4	4	3	3	4	2	2	2	2	2	4	3	3	3	4	3	3	3	3	4	3	3	2	2	2	4	4	4	4	4
565	3	2	38	2	2	1	0	1	1	0	1	1	1	1	-999	3	2	1	1	1	0	3	3	3	3	3	2	3	3	3	2	3	3	3	3	3	3	3	3	3	3	2	3	3	3	2	3	3	3	3	3	3	3	3	3	3	3	3	3	3	3	3	3	3	3	3	3	3	3	3	3	3	3	3	3	3	3	3	3	3	3
566	1	2	21	1	1	1	0	1	0	0	1	0	0	1	1	2	3	1	1	1	1	5	4	3	3	4	1	3	3	3	2	4	2	4	4	4	3	3	3	3	4	3	3	3	3	4	2	4	4	4	2	4	4	4	4	4	2	2	2	2	2	4	4	4	4	4	2	2	4	4	2	4	4	4	2	2	4	4	4	4	2
568	2	2	31	2	1	-999	-999	1	1	0	1	0	1	1	-999	3	2	1	1	1	1	4	5	4	3	3	3	3	3	2	2	4	3	5	4	4	3	5	3	3	3	3	3	2	2	2	4	3	5	3	2	4	5	4	4	4	3	2	4	3	2	5	5	5	4	5	3	3	3	3	4	3	2	3	3	2	5	3	3	3	3
575	1	2	45	3	2	0	0	1	1	0	1	0	1	1	6	3	2	0	0	1	1	3	3	3	2	3	2	3	1	2	3	4	3	3	2	3	3	3	3	2	3	2	3	1	2	3	3	4	4	4	3	2	4	2	3	2	2	4	4	3	4	3	3	3	3	3	4	3	3	3	3	2	3	2	3	3	4	4	4	4	4
577	3	2	40	2	2	0	0	1	1	0	1	1	1	1	4	1	1	1	0	0	0	5	5	3	1	3	3	1	1	1	1	4	4	5	3	3	1	5	3	1	2	3	1	1	1	1	3	4	5	3	3	5	5	3	3	2	3	1	1	1	1	5	4	4	1	3	3	3	3	3	3	3	3	1	1	1	5	5	4	1	3
578	2	2	27	2	1	0	0	1	1	0	0	0	1	0	2	3	2	1	1	1	0	4	3	4	4	4	3	1	3	3	2	3	5	2	2	4	2	3	4	4	4	3	1	3	3	2	4	2	5	5	5	2	5	2	1	2	5	4	1	1	1	1	1	1	2	1	5	3	5	5	5	2	2	5	5	5	5	5	5	5	5
580	2	2	59	3	1	0	0	1	0	0	1	0	0	1	3	2	3	1	0	1	0	3	4	2	2	4	4	3	4	4	4	1	2	2	1	3	3	4	4	4	4	2	3	2	2	2	4	3	4	1	3	4	5	3	3	4	4	3	4	4	4	4	2	3	2	3	4	2	3	4	4	2	3	2	2	2	4	4	3	4	3
586	3	2	31	2	1	0	0	1	0	0	1	1	0	1	3	3	2	1	1	1	0	3	3	3	4	3	3	2	3	2	2	4	4	4	3	4	5	3	3	4	3	3	2	3	2	2	3	3	3	3	3	3	2	4	4	2	4	3	4	3	2	2	2	2	3	2	4	4	3	3	3	3	3	2	3	2	4	4	4	3	4
588	2	2	35	2	1	0	0	1	0	0	1	0	0	1	3	3	3	1	1	1	1	5	5	3	4	5	5	1	5	1	4	4	1	4	3	5	4	4	5	1	1	1	1	1	1	1	3	5	1	5	5	3	5	3	3	5	5	3	5	5	5	3	1	1	3	5	5	2	5	1	1	5	1	1	1	1	5	5	5	5	5
589	1	2	32	2	2	0	1	0	0	0	0	0	0	0	1	3	3	1	0	0	1	1	2	4	2	4	1	3	1	1	3	3	4	3	3	5	2	3	2	3	2	5	3	1	4	3	2	4	4	2	5	3	3	3	4	3	1	1	2	1	2	1	3	1	1	3	2	3	3	2	3	1	1	3	3	4	2	3	5	3	3
590	3	2	32	2	2	0	1	1	1	0	0	1	1	1	2	1	2	0	0	1	0	4	3	4	4	4	2	2	1	2	3	4	5	5	4	4	3	3	1	2	3	2	5	4	3	2	2	3	3	2	1	4	5	4	4	4	3	3	4	2	3	5	4	5	4	5	2	1	3	2	3	3	2	3	3	2	3	2	2	3	2
591	2	2	39	2	2	0	1	1	1	1	1	0	1	1	1	3	3	1	1	1	0	4	2	2	2	2	1	2	2	1	1	4	4	4	2	2	4	2	2	2	4	1	2	2	1	1	4	4	4	2	4	4	4	2	3	2	4	4	2	2	2	4	3	2	2	2	4	4	4	4	4	2	2	2	2	2	4	4	4	4	4
592	2	2	27	2	2	0	0	1	0	0	1	0	0	1	2	3	2	1	0	1	1	3	5	3	3	5	3	3	3	3	2	4	4	3	3	2	3	3	3	3	5	3	3	3	3	2	4	4	3	3	4	3	4	3	3	4	4	4	4	3	1	2	2	2	4	2	3	4	3	3	5	3	2	2	3	1	5	4	4	4	5
604	1	2	36	2	2	0	1	1	0	0	1	1	0	1	-999	2	3	0	1	1	0	4	3	3	3	3	3	3	3	3	3	4	4	4	4	4	3	3	3	3	3	3	3	3	3	3	2	2	2	2	2	4	3	3	3	4	2	2	3	3	2	3	3	4	4	4	2	3	3	3	4	4	2	3	3	2	3	3	4	4	4
605	2	2	36	2	2	0	1	1	0	0	1	1	0	1	1	2	4	1	1	1	1	5	5	5	5	5	1	1	3	1	1	5	5	5	5	5	5	5	2	3	5	1	1	3	1	1	5	3	5	3	3	5	5	5	5	5	1	1	3	1	1	5	4	5	5	5	3	3	5	3	5	3	1	3	3	1	3	4	3	3	3
607	1	2	62	3	2	0	1	1	1	0	0	0	1	0	5	3	4	1	0	0	0	4	4	2	3	3	1	3	1	1	1	4	4	4	3	2	5	4	2	4	3	1	3	1	1	1	5	5	5	4	5	4	4	4	3	3	1	1	1	1	1	4	4	4	3	4	4	4	4	3	3	1	1	1	1	1	4	5	5	3	5
610	3	2	68	4	2	0	1	1	0	0	1	1	0	1	2	3	2	1	0	1	1	4	5	4	4	5	2	1	1	1	1	3	4	5	5	5	2	5	4	4	5	1	1	1	1	1	3	4	5	5	5	2	5	3	1	3	4	3	4	3	3	2	3	3	3	4	2	2	2	5	5	2	1	1	1	3	5	5	5	5	4
611	2	2	74	4	2	0	1	1	1	0	1	0	1	1	-999	3	4	1	0	0	0	3	4	3	3	4	3	2	3	3	3	4	4	2	3	2	3	4	3	3	2	3	2	3	3	3	3	4	4	3	4	2	4	2	3	2	5	2	4	3	3	2	2	2	2	2	4	4	2	3	4	1	2	2	3	3	4	4	4	4	4
612	1	2	67	4	1	0	1	1	1	0	0	0	1	0	4	3	3	1	0	0	0	3	5	1	4	4	1	1	3	1	1	3	5	5	4	4	4	5	1	4	4	1	1	3	1	1	3	5	5	4	4	5	4	4	4	5	3	2	3	3	1	5	4	4	3	3	5	4	4	4	5	3	2	3	3	1	5	4	4	3	3
615	3	2	19	1	2	0	0	1	0	0	1	1	0	1	4	3	4	1	0	1	0	4	4	1	1	4	1	1	3	3	1	4	5	4	4	4	2	2	1	1	4	4	1	2	2	1	3	2	4	4	2	4	4	3	2	4	4	2	2	2	2	4	4	4	3	4	2	2	3	2	4	2	2	2	2	2	2	4	4	3	2
616	1	2	22	1	2	0	0	1	0	0	1	0	0	1	2	2	4	0	0	1	0	4	5	4	5	5	1	1	3	4	4	3	2	2	1	1	3	3	5	4	5	1	1	3	3	1	3	5	5	5	5	3	3	2	3	4	1	4	1	1	3	1	1	1	1	1	3	3	5	3	2	3	1	4	1	3	5	5	5	5	5
617	3	2	22	1	2	0	0	1	0	0	1	1	0	1	4	3	2	0	1	0	1	1	5	1	2	2	4	4	5	4	4	1	1	1	1	1	5	2	1	1	1	1	1	1	1	1	5	5	5	5	5	1	4	2	1	1	5	5	4	4	4	1	1	1	1	1	5	1	1	1	1	2	1	1	1	1	5	5	5	5	5
618	3	2	22	1	2	0	0	1	0	0	0	1	0	1	3	2	2	0	1	1	1	1	5	1	1	3	5	1	3	3	1	5	4	4	4	5	1	1	1	1	1	1	1	1	1	1	5	5	5	5	5	5	5	1	1	5	1	4	5	5	5	5	3	4	5	5	2	2	5	5	4	1	5	1	1	1	5	5	5	5	5
623	3	2	36	2	2	0	0	1	1	0	0	0	1	0	-999	3	1	1	0	1	0	3	4	3	1	3	4	2	4	1	3	2	2	3	3	3	3	4	3	1	3	3	2	4	1	3	4	4	3	3	3	3	5	3	3	3	4	3	4	4	4	2	2	2	3	2	3	5	3	3	3	4	3	4	4	2	4	5	5	3	4
624	1	2	40	2	2	0	0	0	0	0	0	0	0	0	-999	3	3	1	1	1	1	2	2	2	3	2	1	1	1	1	1	5	5	5	1	5	2	2	2	3	2	3	1	2	2	1	5	5	5	1	5	2	4	3	4	3	2	4	4	2	4	2	1	1	1	1	4	2	3	3	3	2	2	3	2	2	4	4	4	4	4
625	2	2	40	2	2	0	0	1	1	0	1	1	1	1	3	3	3	1	1	1	1	3	5	3	3	5	5	2	4	4	1	2	3	4	4	2	4	5	3	3	5	1	3	1	2	3	5	3	3	4	4	1	4	1	3	5	5	2	4	2	2	1	5	3	4	1	3	4	5	3	5	2	2	3	5	2	4	3	3	5	3
627	1	2	43	2	2	0	0	1	0	0	1	0	0	1	5	2	4	1	0	1	0	5	4	4	4	3	2	2	1	1	1	4	4	4	4	4	3	4	3	4	3	2	2	1	1	1	3	4	4	3	3	4	4	4	4	4	2	1	2	1	1	4	4	4	4	4	3	4	4	4	4	2	1	2	1	1	4	5	5	4	4
628	2	2	46	3	2	0	0	1	0	0	1	0	0	1	2	3	2	1	1	1	1	5	4	4	4	3	2	2	2	2	1	4	4	4	3	4	2	3	2	1	3	3	4	2	4	1	1	2	2	3	2	4	4	3	3	3	3	2	3	2	2	4	4	4	3	4	2	2	2	1	3	2	4	2	3	2	3	3	2	3	2
630	1	2	50	3	2	0	0	1	1	0	1	0	1	1	4	1	3	1	0	0	0	5	5	5	5	5	5	5	5	5	4	5	5	5	4	5	1	1	1	1	1	1	1	1	1	1	1	1	1	1	1	2	2	4	4	4	4	5	5	5	5	2	4	1	2	4	5	2	2	2	2	4	1	1	2	1	1	1	5	1	1
631	1	2	50	3	2	0	0	1	1	1	0	0	1	0	3	2	2	1	0	0	0	3	4	2	2	3	2	2	2	2	2	3	3	3	3	3	3	3	2	2	3	2	2	2	2	2	4	4	4	3	3	3	4	2	2	2	2	3	2	2	2	2	2	3	2	2	3	3	2	2	2	2	2	2	2	2	4	4	4	4	4
632	2	2	51	3	2	0	0	1	1	0	1	0	1	1	4	3	2	1	1	1	1	5	4	3	3	3	3	2	3	3	3	5	3	3	3	4	1	3	3	3	3	3	2	3	3	3	1	3	3	3	3	4	4	3	3	3	2	3	3	3	3	4	4	4	2	3	3	4	3	3	3	2	3	3	3	3	4	4	4	2	3
633	2	2	53	3	2	0	0	1	0	0	1	0	0	1	3	3	3	1	1	1	1	5	5	5	5	5	1	1	1	1	1	3	5	5	5	3	4	5	5	5	5	1	1	1	1	1	3	5	5	5	3	5	5	5	5	5	1	1	1	1	1	3	4	4	3	5	5	5	5	5	5	1	1	1	1	1	3	4	4	3	5
634	2	2	64	3	2	0	0	1	1	0	1	0	1	1	-999	3	4	1	0	1	0	1	5	3	3	4	1	2	4	4	3	3	2	3	3	3	4	3	3	3	4	4	3	3	3	3	3	4	4	3	3	1	5	3	1	5	5	5	5	3	4	2	1	1	2	1	5	1	3	5	1	1	1	1	3	4	4	5	2	4	1
635	1	2	27	2	1	0	0	1	1	0	0	0	1	0	1	3	2	1	0	0	0	3	3	4	4	4	1	1	1	1	1	5	5	5	3	5	3	3	4	3	4	1	1	1	1	1	3	3	3	3	4	5	5	5	5	3	1	1	1	1	1	5	5	5	3	5	3	4	3	4	3	2	3	2	1	1	3	3	3	3	3
636	2	2	32	2	1	0	0	1	0	0	1	0	0	1	3	3	2	1	1	1	1	4	4	4	4	5	1	1	1	1	1	5	3	3	3	3	4	4	4	4	5	1	1	1	1	1	5	3	3	3	3	3	5	3	3	3	4	1	2	3	3	3	3	4	3	3	4	3	3	3	4	3	1	1	1	2	5	4	4	3	4
637	2	2	32	2	1	0	0	1	0	0	1	0	0	1	2	3	2	1	1	1	1	4	5	4	4	3	4	3	2	2	2	5	5	4	3	3	4	5	4	4	4	3	3	2	2	2	5	5	5	3	3	2	5	1	1	1	5	4	5	5	3	1	1	1	3	1	4	4	4	4	4	2	2	2	2	1	4	4	4	3	5
638	2	2	32	2	1	0	0	1	0	0	1	0	0	1	4	3	2	1	0	1	1	3	5	3	3	2	1	4	5	4	4	1	1	1	1	1	3	4	3	3	3	3	2	3	3	3	2	3	3	3	4	4	5	3	3	2	5	4	4	4	4	3	2	3	3	3	5	3	3	3	5	1	1	2	1	1	5	5	4	5	4
639	2	2	33	2	1	0	0	1	0	0	1	0	0	1	-999	2	3	1	1	1	1	5	5	3	3	4	2	2	3	3	2	3	3	4	4	4	3	3	3	3	3	2	3	3	3	3	3	3	3	3	3	2	4	3	3	4	3	3	3	3	3	3	3	3	4	3	4	2	3	3	2	3	3	3	3	3	3	3	3	2	3
641	2	2	39	2	1	0	0	1	0	0	1	0	0	1	4	3	2	1	1	0	0	4	2	4	4	4	2	3	3	2	2	3	5	5	2	3	3	3	3	4	4	2	3	3	2	2	3	5	5	2	3	4	5	2	1	2	5	3	5	4	3	2	1	1	1	1	4	3	3	3	4	2	2	2	3	3	3	3	3	3	3
642	3	2	39	2	1	0	0	1	1	1	1	1	1	1	3	2	2	1	1	1	0	3	2	3	4	3	2	1	3	3	3	4	4	5	4	4	2	3	3	3	3	4	3	3	3	3	2	4	4	3	4	3	4	3	3	3	4	3	4	3	4	2	2	4	2	4	3	3	3	3	3	3	3	3	3	2	4	3	4	3	2
645	3	2	43	2	1	0	0	1	0	0	0	1	0	1	-999	2	2	1	0	0	0	3	4	4	3	4	3	4	3	3	4	3	4	4	3	3	3	4	4	3	4	3	4	3	3	4	3	4	4	3	3	4	4	3	4	4	4	3	4	4	4	3	3	3	4	3	4	4	3	4	4	4	3	4	4	4	3	3	3	4	3
650	1	2	50	3	2	0	0	1	1	0	0	0	1	0	-999	3	2	1	1	1	1	5	4	4	3	4	1	3	2	2	1	3	2	2	3	3	1	2	3	3	3	3	3	3	3	1	3	3	3	3	4	1	3	1	2	3	3	5	4	3	5	1	1	1	1	1	5	3	5	5	3	3	1	1	3	1	5	5	5	3	5
651	3	2	53	3	2	0	0	1	1	0	0	1	1	1	-999	2	2	1	1	1	1	3	5	4	3	4	4	5	2	3	2	3	2	4	2	2	3	5	4	3	4	4	5	2	3	2	3	4	4	2	4	4	5	4	3	3	4	3	4	3	3	4	4	4	3	3	3	4	3	3	3	2	3	2	2	3	4	4	4	3	3
654	3	2	36	2	1	0	0	1	1	0	1	1	1	1	-999	2	2	1	0	1	0	3	4	3	3	4	1	1	3	1	3	3	3	4	3	5	2	4	3	3	3	3	3	3	3	3	3	3	3	3	3	4	5	3	3	3	3	3	3	3	3	3	3	3	4	3	3	3	3	3	3	3	3	3	3	3	3	3	3	3	3
655	1	2	45	3	1	0	0	1	0	0	1	0	0	1	3	3	3	1	0	0	0	4	4	3	4	3	1	2	2	2	2	4	4	4	3	3	3	4	3	4	4	3	2	3	3	2	4	3	4	3	3	4	4	4	3	4	2	2	2	2	2	4	4	4	2	2	3	4	3	3	3	2	2	2	2	2	4	4	4	2	2
656	2	2	55	3	2	0	1	1	0	0	1	1	0	1	1	3	4	1	1	1	1	2	5	3	5	5	1	1	1	2	1	2	4	4	3	4	5	5	5	5	5	1	3	1	1	1	5	5	5	5	5	1	5	1	4	4	4	4	4	4	2	2	3	3	3	1	5	4	5	3	5	1	1	1	1	1	5	3	3	3	5
657	1	2	20	1	2	0	0	0	0	0	0	0	0	0	1	3	3	1	1	1	0	4	5	3	4	4	1	2	2	3	3	4	4	4	4	5	3	2	3	2	3	4	3	3	3	3	1	1	2	2	2	2	3	3	3	4	1	2	1	2	3	4	2	4	3	4	3	4	3	3	2	3	4	4	4	3	3	4	3	3	4
658	1	2	21	1	2	0	0	1	1	0	0	0	1	0	3	2	2	0	1	0	0	5	4	1	1	3	3	1	1	1	1	3	3	4	3	4	3	3	1	1	3	3	1	1	1	1	3	3	2	3	3	3	4	3	1	3	1	1	2	1	1	4	4	4	3	4	3	1	3	1	3	1	1	2	1	1	3	3	4	3	4
661	1	2	29	2	2	0	0	0	0	0	0	0	0	0	2	3	2	1	0	1	0	2	2	3	3	2	2	2	2	1	1	4	4	4	3	2	2	3	1	1	2	2	2	2	1	2	4	4	4	3	2	2	3	4	4	1	2	1	1	1	2	3	2	4	4	4	3	1	1	2	1	1	1	1	1	2	3	4	4	4	4
667	2	2	39	2	2	0	0	1	0	0	1	0	0	1	2	3	2	1	1	1	1	1	4	1	3	3	5	4	3	3	3	1	1	5	1	5	5	4	3	3	3	5	1	3	3	3	5	1	5	5	5	3	4	3	3	3	1	4	3	3	3	1	3	5	5	1	3	4	3	3	3	1	1	3	3	3	5	3	5	5	5
668	3	2	24	1	1	0	0	1	0	0	0	1	0	1	-999	3	2	1	1	1	1	3	5	1	3	1	5	5	5	5	5	2	2	1	1	2	5	4	4	3	4	1	4	2	3	2	4	4	4	4	4	2	5	3	3	2	5	5	5	5	5	2	2	2	2	2	4	2	3	3	4	4	2	2	2	2	4	4	4	4	5
669	1	2	29	2	1	0	0	1	1	0	0	0	1	0	4	2	2	1	0	1	0	5	1	5	4	1	1	1	4	1	2	5	5	5	4	5	1	5	1	2	5	5	5	1	5	5	1	1	2	1	1	4	5	4	4	4	4	4	4	4	1	1	1	1	5	5	2	1	2	2	1	2	1	2	1	4	5	5	5	1	1
670	1	2	31	2	1	0	0	0	0	0	0	0	0	0	2	3	2	1	1	1	1	4	4	4	5	4	2	2	2	2	2	5	4	4	3	5	3	3	3	3	3	2	3	3	2	2	3	4	4	3	3	5	5	5	5	5	2	2	2	2	2	5	4	4	4	5	3	3	3	3	3	2	2	3	2	2	3	4	4	3	3
673	1	2	17	1	2	1	0	0	0	0	0	0	0	0	1	3	2	1	1	0	0	5	3	3	3	3	1	2	3	3	3	4	4	4	4	4	3	3	3	3	3	4	4	3	3	3	3	2	2	3	2	4	3	4	4	3	3	4	3	3	3	3	4	4	4	4	2	3	2	3	3	3	2	3	3	3	3	2	2	2	2
674	2	2	17	1	2	1	0	1	0	0	1	0	0	1	1	2	4	0	0	1	1	4	2	4	3	4	1	3	1	1	2	4	4	4	5	4	2	4	3	2	3	3	4	2	2	2	3	3	4	5	4	3	5	3	3	3	4	3	3	4	2	3	4	4	5	4	4	3	3	3	4	2	2	2	2	2	4	4	4	5	5
675	1	2	19	1	2	1	0	0	0	0	0	0	0	0	1	2	3	1	0	1	0	3	3	3	3	3	3	3	3	3	3	3	3	3	4	3	3	3	3	3	3	3	3	3	3	3	3	3	3	4	3	3	4	3	4	3	3	3	4	2	2	3	4	3	3	3	4	4	3	2	3	3	3	3	2	2	3	4	3	4	3
677	2	2	20	1	2	1	0	1	0	0	1	0	0	1	1	2	2	1	0	1	0	4	4	3	3	4	4	2	1	2	1	4	4	5	3	4	2	5	3	3	5	2	2	2	3	3	3	2	5	3	4	2	5	3	2	4	4	2	3	2	2	2	3	4	2	1	3	4	3	3	5	3	1	1	1	1	4	5	5	4	4
679	3	2	21	1	2	1	0	1	0	0	0	1	0	1	1	3	2	1	1	1	1	5	5	1	1	4	1	3	1	1	1	4	2	4	4	3	3	3	3	1	3	4	3	1	1	1	4	4	4	4	4	2	4	2	2	1	4	3	4	4	4	3	2	2	3	2	4	2	4	4	4	2	2	2	2	2	4	4	4	3	4
684	1	2	18	1	1	1	0	0	0	0	0	0	0	0	1	2	2	1	0	1	0	4	4	3	3	2	2	3	2	2	1	4	4	4	2	3	3	3	3	2	2	3	3	2	2	2	4	4	4	2	3	2	4	2	2	4	2	2	3	2	2	3	3	3	3	3	4	4	3	2	4	2	2	2	2	1	5	5	4	3	5
685	1	2	18	1	1	1	0	0	0	0	0	0	0	0	1	3	2	1	0	1	0	4	4	4	4	3	5	1	2	2	2	5	4	4	3	4	2	2	2	2	3	1	4	4	3	3	1	4	3	3	2	5	2	4	4	4	4	2	1	2	2	4	4	4	4	4	1	4	3	2	3	2	3	4	3	4	3	3	3	4	2
688	3	2	28	2	1	0	1	1	0	1	0	1	1	1	-999	3	2	0	0	1	0	1	5	1	1	2	5	1	5	5	5	1	1	2	1	1	4	3	3	3	3	1	3	3	3	3	3	3	3	3	5	1	5	1	1	2	5	5	5	5	5	1	1	1	1	1	3	3	3	3	3	3	3	3	3	3	5	5	5	5	5
689	2	2	64	3	2	0	1	1	1	0	1	0	1	1	3	2	2	1	0	1	0	3	5	3	1	2	4	4	2	1	2	2	3	3	3	2	4	3	3	3	4	4	2	2	2	2	4	4	5	3	4	2	4	3	2	3	3	3	3	2	1	3	2	2	2	2	5	2	4	4	3	1	2	3	2	1	4	4	4	3	4
690	1	2	67	4	2	0	1	0	0	0	0	0	0	0	3	3	4	1	0	1	0	5	5	4	5	4	1	1	1	1	2	5	5	4	4	5	1	1	1	2	2	5	5	4	4	4	2	2	2	2	1	4	4	3	3	4	2	2	3	2	2	4	3	4	3	3	3	2	3	3	4	3	3	3	2	2	3	3	4	4	3
691	2	2	67	4	2	0	1	1	1	0	1	0	1	1	-999	2	3	1	0	1	0	4	5	4	2	4	1	1	1	1	1	4	4	4	4	4	3	5	2	3	5	1	2	1	1	1	2	3	4	4	4	1	5	1	2	2	5	5	4	3	3	2	2	2	3	2	4	1	5	4	4	1	1	2	3	3	4	5	5	3	4
693	3	2	28	2	2	-999	-999	1	0	0	1	1	0	1	-999	1	2	1	1	1	1	3	5	3	3	1	4	3	4	4	3	1	1	3	3	4	4	3	3	3	5	1	1	1	1	1	5	5	5	3	5	2	5	1	2	1	5	4	5	5	4	1	1	1	3	3	5	3	3	2	5	1	1	3	1	1	5	4	5	3	3
694	3	2	35	2	2	-999	-999	1	0	0	0	1	0	1	-999	2	2	1	1	0	0	4	1	3	3	5	1	1	3	3	1	3	4	4	3	4	3	1	3	3	3	2	1	3	3	2	3	3	4	3	3	4	4	3	2	4	2	1	2	1	1	3	4	4	3	4	4	4	3	2	4	2	1	2	1	1	3	4	4	3	4
696	3	2	40	2	1	-999	-999	1	0	0	0	1	0	1	-999	2	1	1	0	1	0	3	5	4	2	3	5	2	4	4	2	4	3	4	3	4	2	3	3	2	3	2	2	2	4	2	4	4	4	3	4	3	5	2	2	3	5	3	4	2	2	4	4	4	3	3	3	2	2	2	3	2	3	2	2	2	4	4	4	3	3
700	3	2	22	1	2	0	0	1	0	0	0	1	0	1	-999	2	2	1	0	0	1	4	4	4	2	2	3	2	5	4	4	2	2	2	2	5	4	4	4	4	2	4	2	3	2	2	4	2	2	2	5	3	4	3	3	2	4	3	5	4	4	4	3	3	3	3	3	4	3	3	3	3	3	4	3	3	5	4	3	3	3
701	3	2	23	1	2	0	0	1	0	0	0	1	0	1	3	2	2	0	1	1	0	3	5	3	4	4	4	2	4	2	4	1	2	4	2	1	4	3	3	2	4	2	3	2	3	2	5	5	4	5	5	2	4	3	2	2	4	3	4	4	4	2	2	4	2	2	4	2	4	4	4	2	3	2	2	2	4	4	4	4	4
706	2	2	30	2	2	0	0	1	0	0	1	0	0	1	3	2	2	1	1	1	0	3	4	2	2	2	4	2	2	2	2	4	4	4	4	4	4	2	2	2	2	2	2	2	2	2	4	4	4	4	4	3	4	2	2	2	4	2	3	2	2	4	4	4	4	3	4	3	3	1	2	3	2	2	2	2	4	4	4	4	4
709	2	2	37	2	2	0	0	1	0	0	1	0	0	1	-999	2	2	1	0	1	0	2	4	2	1	2	2	2	2	1	2	4	4	4	4	4	2	2	2	1	2	2	2	2	1	2	4	4	4	4	4	2	4	3	2	2	4	3	2	2	2	4	4	4	4	4	4	2	3	2	2	2	3	2	2	2	4	4	4	4	4
712	1	2	42	2	2	0	0	0	0	0	0	0	0	0	3	3	2	1	0	1	0	4	5	4	5	3	2	2	5	1	2	5	5	4	4	4	2	1	2	1	3	2	1	1	3	2	2	3	2	2	1	2	4	4	4	3	3	3	3	3	3	3	4	4	3	3	3	2	3	3	3	3	3	3	3	3	4	3	3	3	3
715	2	2	46	3	2	0	0	1	1	0	1	0	1	1	4	3	2	1	1	1	1	3	4	2	2	3	4	2	4	2	3	3	3	4	3	3	3	4	2	2	3	3	2	4	2	3	3	3	4	3	3	3	5	3	3	3	4	4	4	3	3	1	2	3	3	2	4	3	3	3	3	2	3	3	3	3	3	4	3	3	4
718	1	2	55	3	2	0	0	1	1	0	1	1	1	1	-999	3	2	1	0	1	0	4	4	4	4	5	1	1	1	1	1	5	5	5	1	5	2	2	1	3	3	3	3	3	3	3	3	3	3	1	3	5	4	4	4	4	1	1	1	1	1	3	5	5	1	2	3	3	3	3	3	3	3	3	3	3	3	3	3	1	2
719	2	2	61	3	2	0	0	1	0	0	1	0	0	1	4	3	2	1	0	0	0	5	1	1	5	5	1	1	1	1	1	5	5	5	5	5	2	1	1	5	5	1	1	1	1	1	2	4	4	4	2	1	5	1	1	1	5	5	5	5	5	1	1	1	1	1	5	1	5	5	5	1	1	1	1	1	5	5	5	5	5
722	2	2	32	2	1	0	0	1	1	0	0	0	1	0	3	3	2	1	0	1	0	5	5	3	4	3	4	3	5	4	3	4	3	3	2	4	3	3	3	3	3	3	4	2	3	3	3	3	3	3	3	3	5	3	3	3	4	3	4	4	2	3	2	3	2	2	3	4	3	3	3	3	3	3	3	3	3	3	3	2	4
723	3	2	32	2	1	0	0	1	1	0	0	1	1	1	-999	1	2	1	0	0	0	5	4	2	4	4	4	2	2	2	2	5	4	5	5	5	1	4	4	2	2	4	4	2	2	4	1	2	1	1	2	2	4	3	2	4	5	3	4	4	2	2	2	2	3	2	4	2	3	4	2	4	3	2	2	2	4	4	4	3	4
726	3	2	34	2	1	0	0	1	0	0	0	1	0	1	2	3	3	1	0	1	0	2	5	2	4	4	5	1	5	5	2	2	1	3	1	2	5	5	2	4	4	2	1	5	5	3	2	1	3	1	4	1	4	1	1	1	5	3	5	5	5	1	1	1	1	1	3	3	3	3	3	3	2	3	3	4	4	3	4	3	4
728	1	2	39	2	1	0	0	1	1	0	0	0	1	0	-999	3	2	1	0	1	0	5	5	5	5	5	5	2	5	5	5	5	4	4	3	5	1	1	1	1	1	1	3	1	1	1	1	2	2	3	1	2	3	3	3	1	2	2	2	3	3	4	1	4	4	2	4	3	3	3	5	4	4	3	3	3	3	5	3	3	4
730	3	2	45	3	1	0	0	1	1	1	1	1	1	1	-999	2	3	1	0	1	0	3	4	2	3	2	3	2	2	2	2	4	2	4	2	4	3	4	2	3	4	3	2	2	2	2	4	3	4	2	4	2	4	2	2	2	4	2	2	4	2	2	2	4	2	3	4	2	2	2	4	3	2	2	2	2	4	4	4	4	3
732	3	2	47	3	1	0	0	1	1	0	0	1	1	1	2	3	2	1	1	1	1	1	5	3	3	2	5	1	5	4	5	3	3	3	4	3	1	3	3	3	2	3	3	2	3	3	3	4	4	5	5	1	5	3	3	1	5	1	5	5	5	3	1	3	3	2	3	4	3	2	4	3	1	2	2	2	4	3	4	4	5
734	1	2	57	3	1	0	0	1	0	0	0	1	0	1	-999	2	2	1	0	0	0	5	4	5	5	5	1	1	1	1	1	5	5	5	5	5	3	4	4	3	2	1	1	1	3	3	3	1	2	3	2	5	5	4	5	5	2	1	1	1	1	5	5	5	5	5	2	5	2	2	2	5	3	3	3	1	1	1	1	1	1
736	2	2	30	2	2	0	0	1	1	0	1	0	1	1	4	3	1	1	0	1	1	3	4	3	3	1	2	2	2	2	1	3	3	3	1	1	3	2	3	1	1	1	1	1	1	1	3	4	4	1	1	1	5	3	3	3	4	2	4	4	4	3	2	2	1	1	1	1	1	3	3	1	1	1	1	1	3	5	5	4	5
737	3	2	31	2	2	0	0	1	0	0	0	1	0	1	3	3	4	1	1	1	1	3	1	1	3	1	3	4	1	1	1	5	1	3	3	3	5	5	5	5	5	5	3	5	5	5	1	5	5	3	3	1	3	5	1	1	1	1	1	1	1	1	1	1	1	1	5	5	5	5	5	5	1	5	5	5	5	5	5	5	5
741	3	2	50	3	2	0	0	1	1	0	0	1	1	1	1	1	4	1	0	0	0	5	5	4	5	5	3	1	3	2	2	5	5	5	5	5	1	2	2	1	2	5	4	5	5	5	1	2	1	1	1	5	4	5	4	5	1	2	2	2	4	4	5	4	5	5	1	2	1	2	2	1	4	4	4	4	2	2	2	2	2
743	1	2	62	3	2	0	0	1	1	1	1	0	1	1	6	3	2	1	1	1	1	5	1	3	4	5	3	5	3	1	3	5	5	5	4	5	1	5	3	2	1	3	1	3	5	3	1	1	1	2	1	4	5	3	3	4	1	4	3	3	4	4	4	3	3	3	4	1	3	3	2	1	4	3	3	2	2	2	3	3	3
744	2	2	24	1	1	0	0	1	0	0	1	0	0	1	3	3	3	1	1	1	1	4	5	2	4	2	4	4	4	4	3	2	2	3	3	2	4	5	5	3	4	1	1	1	1	3	4	4	3	3	5	2	5	2	3	2	4	3	5	4	4	1	1	1	3	1	4	4	2	3	4	2	3	2	2	1	5	5	5	3	5
747	1	2	48	3	1	0	0	0	0	0	0	0	0	0	-999	3	4	1	1	1	1	5	4	3	4	5	2	1	3	2	1	4	4	4	3	3	3	4	3	3	5	2	1	3	2	1	4	4	4	3	3	4	3	4	4	5	1	1	1	1	1	5	5	5	5	5	4	3	4	4	5	1	1	1	1	1	5	5	5	5	5
752	2	2	68	4	2	0	1	1	1	0	1	0	1	1	4	3	2	1	0	1	0	4	5	4	4	5	4	1	1	1	1	2	4	4	4	5	5	2	4	4	5	1	1	2	1	1	1	4	5	4	5	1	5	3	3	3	3	3	3	3	4	3	3	3	3	3	5	1	5	1	1	1	1	1	1	1	5	5	5	5	5
753	3	2	42	2	2	0	0	1	0	0	1	1	0	1	3	3	2	1	1	1	0	3	5	3	3	5	1	1	1	1	1	3	5	4	4	4	3	5	3	3	5	1	1	1	1	1	3	5	4	4	4	3	5	3	3	5	3	1	1	1	1	4	4	4	4	5	3	5	3	3	5	3	1	1	1	1	4	4	4	4	5
754	1	2	26	2	1	0	0	1	1	0	0	0	1	0	3	3	1	0	0	0	1	5	5	5	4	4	1	2	3	1	3	3	4	4	4	4	4	3	3	2	3	4	3	2	3	3	3	3	2	3	2	2	5	3	3	3	4	3	4	3	3	2	3	3	3	2	4	3	3	3	3	3	3	3	3	3	3	4	3	3	4
755	1	2	30	2	1	0	0	0	0	0	0	0	0	0	2	2	2	1	0	1	0	4	5	4	5	3	3	3	3	2	3	5	4	5	3	5	4	5	4	3	2	3	3	3	2	3	1	4	3	3	3	3	5	3	3	4	5	3	5	4	3	1	2	2	3	4	3	3	3	3	3	2	3	2	2	3	5	4	4	3	4
756	2	2	30	2	1	0	0	1	1	0	1	0	1	1	3	3	4	1	1	1	1	1	5	1	1	1	5	4	5	5	4	1	2	2	3	1	5	2	5	5	5	1	1	1	1	1	5	5	4	5	5	1	5	3	3	3	5	3	3	3	3	3	3	3	3	3	5	1	1	5	5	1	1	1	1	1	5	5	5	5	5
757	3	2	38	2	1	0	0	1	0	0	1	1	0	1	-999	2	2	1	1	0	0	5	4	5	4	5	5	3	5	4	4	2	4	4	4	4	3	2	3	3	4	3	3	4	3	3	4	3	3	3	3	4	4	4	4	4	4	4	4	4	4	3	4	4	4	4	3	2	2	2	3	3	2	3	3	3	2	2	2	3	3
758	2	2	38	2	2	0	0	1	1	0	1	1	1	1	2	3	2	1	1	1	0	3	5	3	3	5	4	1	1	2	1	3	3	3	3	3	3	5	3	3	5	2	1	1	2	1	3	3	3	3	3	3	5	3	3	4	4	2	2	1	1	3	2	3	2	3	3	5	3	3	4	2	2	1	1	1	4	4	4	3	3
759	2	2	36	2	1	0	0	1	1	0	1	0	1	1	-999	1	2	1	1	1	1	4	4	3	4	3	3	3	3	4	3	4	4	4	3	1	5	5	3	4	4	5	4	3	5	5	5	5	5	4	5	1	5	3	3	3	4	3	4	3	3	3	1	3	2	3	5	3	5	3	4	5	4	5	3	5	3	5	5	5	3
761	3	2	20	1	1	0	0	1	1	0	0	1	1	1	3	3	4	1	1	1	1	2	5	4	3	5	3	3	3	3	3	4	3	4	3	5	3	2	2	3	1	3	3	3	3	1	3	5	2	3	3	2	5	5	1	1	5	5	5	5	5	2	1	1	3	1	5	1	1	5	5	1	1	1	1	1	5	5	5	5	5
762	2	2	67	4	1	0	1	1	0	0	1	0	0	1	5	3	2	1	1	1	0	3	5	3	3	3	3	3	3	3	3	3	5	4	4	3	4	4	3	3	3	2	3	3	3	3	3	5	4	3	3	1	5	3	3	3	4	3	3	3	3	3	3	3	3	2	5	4	3	3	3	1	3	3	3	3	3	3	3	3	3
764	1	2	51	3	1	0	0	1	1	0	0	0	1	0	-999	2	2	1	0	0	0	4	5	3	4	4	2	2	3	3	2	5	4	4	4	5	2	3	3	2	2	5	4	3	3	4	1	2	2	2	1	4	4	5	5	4	2	2	1	1	1	4	4	4	3	3	2	2	1	1	2	4	4	5	4	4	2	1	1	3	3
765	1	2	21	1	2	0	0	1	1	0	0	0	1	0	2	3	2	1	1	0	0	4	2	1	1	1	1	1	1	1	1	4	4	4	3	2	3	2	1	1	1	1	1	1	1	1	4	4	4	3	4	3	4	1	1	5	3	1	1	1	1	4	4	4	3	3	3	3	1	1	5	3	1	1	1	1	4	4	4	4	4
767	2	2	26	2	2	0	0	1	1	0	1	0	1	1	4	3	2	1	0	1	1	3	5	4	4	4	4	2	4	3	3	2	2	2	1	1	4	3	3	2	4	2	3	2	2	2	4	4	4	4	4	2	4	4	4	4	4	2	4	2	3	3	3	3	3	2	4	2	3	3	4	2	2	2	2	2	4	4	4	3	4
769	1	2	55	3	2	0	0	0	0	0	0	0	0	0	2	3	2	1	1	1	1	3	3	3	3	3	3	3	3	3	3	4	4	4	4	4	3	3	3	3	3	3	3	3	3	3	4	4	4	2	4	2	4	3	3	3	3	3	3	3	3	3	2	4	4	4	4	4	3	3	3	3	3	3	3	3	2	3	4	4	4
770	2	2	31	2	1	0	0	1	1	0	1	0	1	1	5	3	2	1	1	1	0	1	1	4	3	3	2	1	3	3	1	5	3	3	3	3	3	3	3	3	3	3	3	3	3	1	5	4	4	3	3	4	4	3	3	3	4	3	2	2	3	3	3	3	3	4	3	4	3	3	3	3	3	2	2	3	3	3	3	3	4
772	1	2	52	3	1	0	0	1	1	0	0	0	1	0	4	3	2	1	0	1	0	3	4	3	4	4	2	4	3	2	2	4	4	4	3	4	3	2	3	3	3	4	3	2	3	3	3	3	3	3	3	3	4	4	4	4	3	3	3	3	2	4	4	4	4	4	3	3	3	3	3	2	3	3	3	3	3	3	3	3	3
774	1	2	38	2	2	0	0	0	0	0	0	0	0	0	4	3	2	1	0	0	0	3	3	3	3	3	1	1	1	1	1	3	4	4	3	4	3	3	3	3	3	1	1	1	1	1	3	4	4	3	4	3	3	3	3	3	1	2	1	1	1	3	5	5	3	3	3	3	3	3	3	1	2	1	1	1	3	5	5	3	3
777	2	2	38	2	2	0	0	1	1	0	0	0	1	0	3	2	4	1	1	1	1	3	4	3	5	4	2	1	4	2	3	4	4	3	3	4	3	3	3	3	4	2	1	3	2	2	3	4	4	3	4	4	4	4	4	4	2	1	3	1	1	4	4	4	4	3	4	3	4	4	5	1	1	3	1	1	5	4	4	3	3
778	3	2	30	2	2	0	1	1	0	0	0	1	0	1	1	3	2	1	1	1	1	4	5	4	3	4	1	3	1	1	1	3	5	5	3	3	3	5	4	3	4	1	3	1	1	1	3	5	5	3	3	3	4	3	3	3	1	1	1	1	3	3	5	4	3	4	3	4	3	3	3	1	1	1	1	3	3	5	4	3	4
779	2	2	22	1	2	0	0	1	1	0	1	0	1	1	3	2	1	1	0	1	0	5	4	5	5	5	1	1	1	1	1	5	3	4	4	3	1	4	1	1	1	3	5	1	1	3	3	3	3	3	3	1	5	1	1	1	5	5	5	5	5	1	1	1	1	1	5	1	5	5	5	1	1	1	1	1	5	5	5	5	5
780	1	2	25	2	2	0	0	0	0	0	0	0	0	0	2	3	2	1	1	1	1	4	4	3	3	4	2	1	1	2	2	3	3	3	4	4	4	3	3	3	3	2	1	1	2	2	4	4	4	5	5	4	4	4	4	3	3	2	3	3	4	3	3	3	4	4	3	3	3	3	4	3	2	3	3	3	4	4	4	5	5
781	2	2	39	2	2	0	0	1	0	0	1	0	0	1	-999	3	2	1	1	1	1	5	5	3	3	5	1	3	2	3	3	5	5	5	5	5	1	1	1	1	1	5	1	5	1	5	1	1	1	1	1	3	5	3	3	5	1	3	2	3	3	5	5	5	5	5	3	5	3	3	1	1	3	2	3	3	1	1	1	1	1
782	2	2	22	1	2	1	0	1	0	0	0	1	0	1	1	3	2	1	1	0	0	5	1	1	1	1	1	5	5	3	5	1	1	1	1	1	5	1	5	5	3	1	1	1	3	1	5	5	5	5	5	5	5	5	1	1	1	1	1	1	1	5	5	5	5	5	1	1	3	1	1	1	1	1	1	1	1	1	1	1	1
785	1	2	28	2	2	0	0	0	0	0	0	0	0	0	5	3	2	1	1	1	1	4	3	3	3	3	2	1	2	2	2	5	5	5	3	5	1	3	3	3	3	4	4	4	4	4	1	1	1	3	2	1	3	1	1	2	4	5	5	3	5	1	1	1	1	1	5	3	3	4	4	2	1	2	3	1	5	5	5	3	5
787	3	2	53	3	1	0	0	1	1	1	1	1	1	1	4	3	3	1	1	1	0	4	5	3	4	4	2	2	1	1	1	4	4	4	4	5	4	5	3	4	4	2	2	1	1	1	3	4	4	4	3	3	5	3	3	4	3	1	1	1	1	4	4	4	4	4	4	5	3	3	4	3	1	1	1	1	4	4	4	4	4
788	1	2	20	1	2	0	0	1	1	0	0	0	1	0	3	2	2	1	1	1	0	4	5	1	2	3	1	1	1	1	3	4	4	4	3	5	3	2	1	1	3	2	2	1	2	3	3	3	4	3	4	3	4	3	2	3	1	4	4	2	1	1	2	2	3	2	3	3	3	2	3	1	3	2	2	1	5	5	4	3	4
789	1	2	21	1	2	0	0	0	0	0	0	0	0	0	2	3	2	1	1	1	1	3	4	3	4	4	1	3	3	2	1	4	4	4	3	4	2	3	3	3	3	1	3	4	2	1	3	3	3	3	3	3	5	4	3	3	2	4	4	1	4	1	2	2	3	1	3	3	3	3	4	3	3	3	2	2	5	5	5	4	4
790	2	2	31	2	2	0	0	1	0	0	1	0	0	1	-999	1	2	1	1	0	0	4	2	1	2	3	1	1	2	2	1	4	3	3	3	2	4	4	1	2	3	2	1	2	2	2	4	4	3	4	4	2	5	3	3	2	4	3	3	4	2	3	2	4	3	2	2	2	3	3	4	2	3	3	2	4	3	4	4	3	4
791	2	2	41	2	2	0	0	1	1	0	0	0	1	0	3	3	2	1	1	1	0	2	5	2	4	5	4	3	1	1	1	1	5	5	3	1	5	4	5	4	5	1	1	1	1	1	5	5	5	5	5	4	5	4	4	5	4	4	1	1	1	1	5	4	5	1	5	5	4	5	5	1	1	1	1	1	5	5	5	5	5
792	3	2	20	1	2	1	0	1	0	0	1	1	0	1	1	1	1	0	0	1	1	3	5	3	3	4	4	1	4	2	1	1	3	3	3	1	4	4	3	3	5	2	1	2	1	1	5	4	3	3	5	3	5	4	3	2	4	1	4	3	2	1	3	3	3	1	3	4	5	5	4	2	1	2	1	1	5	4	5	3	5
793	2	2	21	1	2	1	0	1	0	0	1	0	0	1	1	3	2	1	1	1	0	4	5	2	5	3	2	4	2	2	4	3	2	2	3	2	3	3	3	2	3	2	2	2	2	2	4	4	3	3	4	2	5	2	1	3	4	5	4	4	4	3	3	3	2	1	5	3	3	3	3	2	2	3	2	2	4	5	5	4	5
795	1	2	19	1	1	1	0	0	0	0	0	0	0	0	1	2	2	0	0	1	0	3	5	4	4	4	3	2	1	1	1	4	5	5	5	5	4	4	4	4	2	3	2	1	4	3	4	5	5	5	4	5	5	5	4	4	2	2	2	2	2	5	5	5	5	5	3	4	4	3	4	4	4	4	4	4	4	4	5	5	3
799	2	2	59	3	1	0	0	1	1	0	1	0	1	1	-999	3	3	1	1	1	0	4	4	3	3	4	1	1	2	1	1	4	4	4	5	5	2	4	3	3	4	1	1	2	1	1	4	4	4	4	4	3	5	4	4	3	1	1	3	1	1	4	4	4	3	3	3	3	3	3	3	1	1	1	1	1	4	4	4	3	4
800	2	2	61	3	2	0	0	1	1	0	1	0	1	1	-999	2	3	1	0	0	0	3	5	3	3	2	4	2	4	4	3	4	2	3	3	3	4	1	3	3	5	2	3	2	2	3	4	4	3	3	3	2	5	3	3	3	5	3	4	4	3	2	2	3	3	2	4	2	3	3	3	1	3	2	2	3	4	4	3	3	4
